0;00|2|9|6.16|
1;1|2|2|4.33|2|3|4.33|2|8|4.33|1|9|2.16|
2;10|1|9|2.39|1|11|2.39|2|14|4.77|
3;100|1|3|3.08|
4;11|1|3|2.67|1|12|2.67|
5;12|1|1|3.08|
6;120|1|2|2.67|1|4|2.67|
7;130|1|8|3.08|
8;138|1|9|3.08|
9;13h40|1|12|3.08|
10;142|1|3|3.08|
11;15|3|4|8.02|1|6|2.67|
12;16|1|1|2.39|1|4|2.39|1|9|2.39|
13;17|1|1|3.08|
14;18|1|3|2.67|1|4|2.67|
15;180|1|3|3.08|
16;183|1|4|3.08|
17;1864|1|9|3.08|
18;1871|1|9|3.08|
19;19|1|9|3.08|
20;1945|1|9|3.08|
21;1957|1|9|3.08|
22;1963|1|5|3.08|
23;1979|1|9|3.08|
24;1980|1|9|3.08|
25;1986|1|4|3.08|
26;1996|1|5|3.08|
27;2|2|4|5.35|1|9|2.67|
28;20|2|4|4.33|1|9|2.16|1|11|2.16|1|13|2.16|
29;200|1|1|2.67|1|9|2.67|
30;2000|1|3|2.67|1|9|2.67|
31;2003|3|3|9.24|
32;2004|1|3|2.39|1|4|2.39|1|6|2.39|
33;2005|1|6|3.08|
34;2008|1|2|3.08|
35;209|4|5|12.32|
36;22|1|1|3.08|
37;221|1|4|3.08|
38;23|1|8|3.08|
39;24|1|8|2.67|1|13|2.67|
40;26|1|6|2.67|1|12|2.67|
41;28|1|13|3.08|
42;288|1|4|3.08|
43;294|1|9|3.08|
44;297|1|1|3.08|
45;3|1|2|3.08|
46;30|2|2|6.16|
47;300|1|1|3.08|
48;31|1|9|3.08|
49;33|1|4|3.08|
50;34|1|4|3.08|
51;35|1|4|3.08|
52;350|1|14|3.08|
53;385|2|3|6.16|
54;39|1|13|3.08|
55;3x4|1|14|3.08|
56;4|2|3|4.77|1|8|2.39|2|9|4.77|
57;40|1|2|2.39|1|4|2.39|2|9|4.77|
58;401|1|1|3.08|
59;42|1|14|3.08|
60;46|1|5|3.08|
61;490|1|8|3.08|
62;4a|2|12|6.16|
63;4o|1|11|3.08|
64;5|1|2|1.83|1|3|1.83|3|4|5.48|1|8|1.83|1|9|1.83|1|10|1.83|
65;50|1|9|2.67|2|14|5.35|
66;500|1|2|3.08|
67;52|1|3|3.08|
68;54|1|5|3.08|
69;57|1|9|3.08|
70;6|1|8|3.08|
71;60|1|2|3.08|
72;640|1|3|3.08|
73;65|2|4|6.16|
74;66|1|9|3.08|
75;68|1|4|3.08|
76;7|1|3|2.67|1|8|2.67|
77;70|1|9|3.08|
78;700|1|6|3.08|
79;71|1|4|3.08|
80;75|1|9|3.08|
81;750|1|8|3.08|
82;8|1|9|2.67|1|13|2.67|
83;80|1|4|3.08|
84;814|1|3|3.08|
85;8h20|1|12|3.08|
86;8h40|1|12|3.08|
87;960|1|9|3.08|
88;97|1|4|3.08|
89;a|1|0|1.06|9|1|9.58|45|2|47.90|10|3|10.65|27|4|28.74|20|5|21.29|27|6|28.74|11|7|11.71|23|8|24.48|39|9|41.52|12|11|12.77|15|12|15.97|7|13|7.45|14|14|14.90|
90;a340|1|1|3.08|
91;aav|1|4|3.08|
92;aavp|2|4|6.16|
93;abandonado|1|9|3.08|
94;abertamente|1|9|3.08|
95;abiscoitar|1|8|3.08|
96;abordagem|1|4|3.08|
97;abril|1|4|2.39|1|9|2.39|1|12|2.39|
98;abrir|1|9|3.08|
99;abrolhos|2|2|6.16|
100;abstenha|1|9|3.08|
101;acabam|1|6|3.08|
102;acabava|1|5|3.08|
103;acabou|1|1|3.08|
104;acao|3|5|9.24|
105;acesso|1|8|3.08|
106;acha|1|9|3.08|
107;achar|1|6|3.08|
108;acharam|1|8|3.08|
109;achasse|1|5|3.08|
110;achava|1|5|3.08|
111;acidente|1|1|3.08|
112;acionado|1|11|3.08|
113;acionistas|1|9|3.08|
114;acionou|1|14|3.08|
115;acm|1|8|3.08|
116;acoes|3|5|8.02|2|7|5.35|
117;acomodacao|1|6|3.08|
118;acompanhada|1|9|3.08|
119;acompanhado|1|12|3.08|
120;acompanhar|1|12|3.08|
121;acompanharam|1|4|2.67|1|12|2.67|
122;acompanhou|1|12|3.08|
123;acontece|1|2|2.67|1|9|2.67|
124;aconteceu|1|12|2.67|1|14|2.67|
125;acordo|1|2|2.39|2|7|4.77|1|8|2.39|
126;acredita|1|6|2.67|1|9|2.67|
127;acreditam|1|7|3.08|
128;acreditando|1|9|3.08|
129;acrescentando|1|1|3.08|
130;acumulado|1|3|3.08|
131;acusacao|5|12|15.40|
132;acusado|1|11|2.67|2|13|5.35|
133;acusados|1|8|2.39|2|11|4.77|4|12|9.55|
134;adeno|1|4|3.08|
135;adequar|1|7|3.08|
136;adiamentos|1|2|3.08|
137;adicionais|1|2|3.08|
138;adins|1|7|3.08|
139;aditivo|1|8|3.08|
140;admitiam|1|5|3.08|
141;adolfo|2|9|6.16|
142;adota|1|14|3.08|
143;advogado|2|12|6.16|
144;advogados|2|8|5.35|1|12|2.67|
145;aerea|1|8|3.08|
146;aereo|1|8|2.67|1|14|2.67|
147;aeronautica|1|8|3.08|
148;aeronave|2|1|6.16|
149;aeroporto|1|1|3.08|
150;aeroportos|1|8|3.08|
151;aerossois|1|2|3.08|
152;aes|1|8|3.08|
153;afastar|1|4|3.08|
154;afeta|1|2|3.08|
155;afetam|1|2|3.08|
156;afetar|1|2|3.08|
157;afetaria|1|2|3.08|
158;afinidade|1|5|3.08|
159;afirma|2|2|5.35|1|4|2.67|
160;afirmacao|1|2|3.08|
161;afirmam|1|2|3.08|
162;afirmando|1|0|3.08|
163;afirmativa|3|5|9.24|
164;afirmativas|3|5|9.24|
165;afirmou|1|2|2.39|2|7|4.77|2|14|4.77|
166;afora|1|9|3.08|
167;africa|1|3|3.08|
168;agencia|1|2|2.67|2|14|5.35|
169;agora|1|2|2.16|1|4|2.16|1|6|2.16|1|9|2.16|
170;agrada|1|6|3.08|
171;aguardou|1|12|3.08|
172;agulha|1|9|3.08|
173;ahmadinejad|1|0|3.08|
174;ai|1|5|2.67|1|9|2.67|
175;ainda|1|2|1.83|3|4|5.48|1|5|1.83|1|6|1.83|2|8|3.65|1|14|1.83|
176;air|2|1|6.16|
177;airbus|1|1|3.08|
178;ajuda|1|1|2.39|1|4|2.39|1|6|2.39|
179;ajudam|1|11|3.08|
180;ajudarao|1|2|3.08|
181;ajude|1|2|3.08|
182;ajustes|1|7|3.08|
183;alavancar|1|5|3.08|
184;alca|2|8|6.16|
185;alcancar|1|2|3.08|
186;alcance|1|9|3.08|
187;alckmin|1|6|2.67|1|9|2.67|
188;aleatoriamente|1|4|3.08|
189;alegacoes|2|12|6.16|
190;alegria|1|4|3.08|
191;alem|1|2|2.67|1|12|2.67|
192;alemanha|2|2|6.16|
193;alerta|1|2|3.08|
194;alexandre|4|12|12.32|
195;algemado|1|12|3.08|
196;alguem|1|9|3.08|
197;algum|1|2|2.39|1|9|2.39|1|11|2.39|
198;alguma|1|2|3.08|
199;algumas|1|4|2.39|1|8|2.39|1|12|2.39|
200;alguns|1|2|2.16|1|6|2.16|1|8|2.16|2|9|4.33|
201;alheio|1|5|3.08|
202;aliados|1|9|3.08|
203;alimenta|1|9|3.08|
204;alimentos|1|11|3.08|
205;aliviava|1|4|3.08|
206;alivio|1|8|3.08|
207;alteracoes|1|7|3.08|
208;alterados|1|4|3.08|
209;alternativa|1|2|3.08|
210;alto|1|6|3.08|
211;altura|1|6|3.08|
212;alvo|1|11|3.08|
213;alzheimer|3|4|9.24|
214;amadurecer|1|6|3.08|
215;amanha|1|6|3.08|
216;amante|1|9|3.08|
217;amaral|1|13|3.08|
218;ambiental|1|2|3.08|
219;ambiente|1|2|3.08|
220;ambos|1|4|3.08|
221;ameaca|1|2|3.08|
222;america|1|4|3.08|
223;american|1|4|3.08|
224;americana|3|8|9.24|
225;americano|1|4|2.39|2|8|4.77|3|9|7.16|
226;americanos|2|5|5.35|2|8|5.35|
227;amigaveis|1|2|3.08|
228;amigos|1|8|3.08|
229;amin|1|4|3.08|
230;amortecimento|1|2|3.08|
231;analisadas|1|12|3.08|
232;analisados|1|4|3.08|
233;analisar|1|12|3.08|
234;andamento|1|2|2.67|1|12|2.67|
235;andar|1|9|3.08|
236;anderson|1|4|3.08|
237;andrade|1|8|2.67|3|12|8.02|
238;angela|1|14|3.08|
239;animadores|1|12|3.08|
240;animam|1|12|3.08|
241;ano|1|3|2.16|1|4|2.16|1|9|2.16|1|11|2.16|
242;anos|3|2|5.08|7|4|11.85|1|8|1.69|4|9|6.77|1|11|1.69|1|13|1.69|1|14|1.69|
243;anselmo|1|6|3.08|
244;anteriormente|1|12|3.08|
245;antes|1|1|1.98|1|2|1.98|1|5|1.98|1|7|1.98|1|9|1.98|
246;anticancer|1|4|3.08|
247;anticoncepcionais|1|2|3.08|
248;anticoncepcional|1|2|3.08|
249;antidepressivos|1|4|3.08|
250;antiga|1|2|3.08|
251;antonio|1|13|3.08|
252;anual|1|4|3.08|
253;anuencia|1|8|3.08|
254;anuncio|2|5|6.16|
255;anunciou|1|9|3.08|
256;ao|1|1|1.21|1|2|1.21|3|3|3.62|3|5|3.62|3|6|3.62|1|7|1.21|5|8|6.04|7|9|8.45|2|11|2.42|9|12|10.87|1|13|1.21|1|14|1.21|
257;aos|1|2|1.98|1|3|1.98|1|4|1.98|1|5|1.98|1|11|1.98|
258;aparecer|1|12|3.08|
259;aparecimento|1|4|3.08|
260;aparelhos|2|2|6.16|
261;apelido|1|9|3.08|
262;apenas|2|4|4.77|2|12|4.77|1|14|2.39|
263;aplicacoes|1|4|3.08|
264;apoiara|1|8|3.08|
265;apoiaria|1|5|3.08|
266;apoio|1|6|2.67|2|11|5.35|
267;apontam|1|3|2.67|1|4|2.67|
268;apos|2|2|3.96|2|3|3.96|1|4|1.98|2|8|3.96|2|12|3.96|
269;aprendem|1|2|3.08|
270;apresentada|1|4|3.08|
271;apresentar|1|9|3.08|
272;apresentava|1|14|3.08|
273;apresentavam|1|4|3.08|
274;apresentou|1|12|3.08|
275;aprovacao|1|5|3.08|
276;aproveitou|1|14|3.08|
277;aproximar|1|7|3.08|
278;apura|1|8|3.08|
279;aquele|1|5|3.08|
280;aqueles|1|5|2.39|1|6|2.39|1|9|2.39|
281;aqui|1|5|3.08|
282;ar|1|2|2.67|2|5|5.35|
283;arap|3|4|9.24|
284;araquem|1|13|3.08|
285;arariguaba|1|13|3.08|
286;area|1|2|3.08|
287;argentina|1|4|2.67|1|8|2.67|
288;argentinos|1|8|3.08|
289;argumentar|1|5|3.08|
290;argumento|1|2|2.67|1|9|2.67|
291;argumentos|1|2|2.67|1|5|2.67|
292;arma|1|4|3.08|
293;armas|1|6|3.08|
294;arrematou|1|8|3.08|
295;arrogantes|1|9|3.08|
296;arruda|1|8|3.08|
297;arterias|1|8|3.08|
298;articulou|1|9|3.08|
299;artigo|1|2|3.08|
300;as|2|1|2.42|8|2|9.66|8|4|9.66|8|5|9.66|6|6|7.25|5|7|6.04|2|8|2.42|6|9|7.25|2|11|2.42|11|12|13.28|1|13|1.21|4|14|4.83|
301;asfaltamento|1|6|3.08|
302;assaltantes|1|11|3.08|
303;assaltar|1|8|3.08|
304;assalto|1|13|3.08|
305;assaltos|1|11|3.08|
306;assassinado|1|3|3.08|
307;assassinato|1|8|2.67|4|12|10.70|
308;assembleia|2|6|4.77|2|7|4.77|2|14|4.77|
309;assessoria|1|14|3.08|
310;assinada|1|5|3.08|
311;assinadas|1|6|3.08|
312;associadas|1|2|3.08|
313;associados|1|4|2.67|1|8|2.67|
314;assombrados|1|2|3.08|
315;assumida|1|3|3.08|
316;assunto|1|7|3.08|
317;assustador|2|1|6.16|
318;atacam|1|2|3.08|
319;atacar|1|4|3.08|
320;ataque|1|8|3.08|
321;ataques|1|11|3.08|
322;ate|1|2|1.69|1|3|1.69|3|4|5.08|1|5|1.69|4|6|6.77|1|9|1.69|2|12|3.39|
323;atencao|1|2|2.39|1|5|2.39|1|11|2.39|
324;atentados|1|3|3.08|
325;aterrissagem|3|1|9.24|
326;aterrissar|1|1|3.08|
327;aterrissava|1|1|3.08|
328;atingido|1|1|2.67|1|8|2.67|
329;atlantico|1|2|3.08|
330;atmosfera|1|2|3.08|
331;ato|1|6|3.08|
332;atormentado|1|2|3.08|
333;atrapalha|1|6|3.08|
334;atrapalham|1|11|3.08|
335;atraves|1|2|3.08|
336;atribuam|1|9|3.08|
337;atribuicoes|2|7|6.16|
338;atual|1|8|3.08|
339;atuando|1|12|3.08|
340;audiencia|3|7|9.24|
341;auditorio|1|2|3.08|
342;aumenta|2|4|6.16|
343;aumentado|1|9|3.08|
344;aumentar|1|12|3.08|
345;aumento|1|3|2.67|3|4|8.02|
346;australianos|1|2|3.08|
347;austriaco|1|6|3.08|
348;auto|2|9|6.16|
349;autor|1|5|3.08|
350;autores|1|4|3.08|
351;autoria|1|7|3.08|
352;auxilia|1|2|3.08|
353;auxiliar|1|8|3.08|
354;avaliacao|1|14|3.08|
355;avaliadas|1|5|3.08|
356;avaliar|1|4|3.08|
357;avancado|1|2|3.08|
358;aviao|11|1|33.87|
359;avisada|1|8|3.08|
360;avisava|1|9|3.08|
361;bacterias|3|2|8.02|1|4|2.67|
362;bacteriofagos|1|4|3.08|
363;bagagem|1|9|3.08|
364;bahia|3|2|7.16|1|8|2.39|1|10|2.39|
365;baiano|1|2|2.67|1|8|2.67|
366;bairro|2|11|5.35|1|13|2.67|
367;baixo|2|9|5.35|1|12|2.67|
368;baleado|1|13|3.08|
369;baleias|1|2|3.08|
370;banco|1|9|2.67|1|12|2.67|
371;bancou|1|8|3.08|
372;bandidos|2|11|5.35|1|13|2.67|
373;bando|1|11|3.08|
374;baptista|3|12|9.24|
375;barba|1|9|3.08|
376;barco|1|10|3.08|
377;barra|1|11|3.08|
378;barrados|3|3|9.24|
379;barril|1|9|3.08|
380;base|1|4|3.08|
381;baseadas|2|5|6.16|
382;baseou|1|9|3.08|
383;bases|1|9|3.08|
384;bastos|1|13|3.08|
385;batalhao|1|11|2.67|1|12|2.67|
386;batalhou|1|9|3.08|
387;bate|1|2|3.08|
388;bater|1|8|3.08|
389;batista|1|14|3.08|
390;batizada|1|2|2.67|1|4|2.67|
391;bebe|2|2|6.16|
392;bebes|1|4|3.08|
393;beijar|1|9|3.08|
394;bem|1|1|1.69|1|2|1.69|1|3|1.69|2|5|3.39|1|6|1.69|2|8|3.39|1|9|1.69|
395;benedita|1|8|3.08|
396;beneficios|1|4|2.67|1|14|2.67|
397;benigna|1|4|3.08|
398;bernardo|1|9|3.08|
399;biblia|3|12|9.24|
400;bibliografia|1|5|3.08|
401;bilhoes|1|8|2.67|2|9|5.35|
402;biologia|1|4|3.08|
403;biomedicina|1|4|3.08|
404;bipolaridade|1|4|3.08|
405;blazer|1|12|3.08|
406;blusa|1|12|3.08|
407;bme|1|12|3.08|
408;bndes|1|8|3.08|
409;boa|1|3|2.67|1|7|2.67|
410;boas|1|2|3.08|
411;bobo|1|9|3.08|
412;boca|1|12|3.08|
413;bocater|1|8|3.08|
414;bolivia|4|9|12.32|
415;boliviana|1|9|3.08|
416;boliviano|1|8|2.67|3|9|8.02|
417;bolivianos|4|9|12.32|
418;bolsa|4|9|12.32|
419;bolso|1|5|3.08|
420;bom|1|6|2.67|2|8|5.35|
421;bomba|1|9|3.08|
422;bombardeasse|1|9|3.08|
423;bons|1|8|3.08|
424;boom|1|3|3.08|
425;bordao|1|8|3.08|
426;bordo|2|1|5.35|1|2|2.67|
427;botox|4|4|12.32|
428;bragato|2|7|6.16|
429;branca|1|12|3.08|
430;branco|1|5|2.67|1|12|2.67|
431;brasil|2|3|4.33|3|4|6.49|3|8|6.49|3|9|6.49|
432;brasileira|1|9|3.08|
433;brasileiro|2|2|4.33|2|3|4.33|1|8|2.16|1|9|2.16|
434;brasileiros|5|3|11.93|3|4|7.16|2|9|4.77|
435;brasilia|1|1|3.08|
436;bravata|1|9|3.08|
437;brejo|1|5|3.08|
438;brice|2|7|6.16|
439;briga|1|5|3.08|
440;brigam|1|9|3.08|
441;brigava|1|9|3.08|
442;brinca|1|9|3.08|
443;britanica|1|2|2.67|1|3|2.67|
444;britanico|1|3|3.08|
445;brizolinha|1|6|3.08|
446;bugres|1|9|3.08|
447;bunker|2|9|6.16|
448;bunkers|1|4|3.08|
449;burger|2|5|6.16|
450;burocratas|1|9|3.08|
451;burrico|1|9|3.08|
452;bush|2|8|6.16|
453;bussola|1|8|3.08|
454;buzina|1|2|3.08|
455;c|1|8|3.08|
456;cabeca|3|6|7.16|1|9|2.39|1|11|2.39|
457;cabrito|2|8|6.16|
458;cachoeiro|1|13|3.08|
459;cada|1|3|2.16|1|4|2.16|1|9|2.16|1|12|2.16|
460;cadeia|1|9|3.08|
461;cadeira|1|2|3.08|
462;caem|1|14|3.08|
463;caindo|1|1|3.08|
464;cair|1|6|3.08|
465;caiu|1|1|3.08|
466;caixa|1|8|3.08|
467;caixao|1|13|3.08|
468;calculos|1|9|3.08|
469;california|1|4|2.67|2|5|5.35|
470;calipso|1|2|3.08|
471;calu|9|12|27.71|
472;camacho|2|2|6.16|
473;camara|3|6|8.02|3|8|8.02|
474;camarao|1|2|3.08|
475;camargo|1|8|3.08|
476;camaroes|1|2|3.08|
477;camilo|3|6|9.24|
478;caminho|1|8|2.67|1|9|2.67|
479;caminhos|1|4|3.08|
480;camisinha|1|2|3.08|
481;campanha|1|5|2.39|1|6|2.39|1|9|2.39|
482;campea|1|3|3.08|
483;campos|1|8|3.08|
484;camundongos|1|4|3.08|
485;cana|1|9|3.08|
486;cancer|1|2|2.67|2|4|5.35|
487;cancerosas|1|4|3.08|
488;candidato|1|6|2.67|1|14|2.67|
489;candidatos|3|6|8.02|2|14|5.35|
490;candidatura|1|6|3.08|
491;canhoneiras|1|9|3.08|
492;capacidade|4|4|12.32|
493;capitais|1|2|3.08|
494;capixaba|1|7|3.08|
495;carater|2|5|6.16|
496;caravelas|2|2|6.16|
497;cardoso|1|13|3.08|
498;careca|1|9|3.08|
499;cargo|1|6|2.67|1|8|2.67|
500;cargos|1|7|3.08|
501;caro|1|8|2.67|1|9|2.67|
502;carregado|1|6|3.08|
503;carro|1|2|3.08|
504;cartinhas|4|6|12.32|
505;casa|1|6|2.39|1|8|2.39|1|9|2.39|
506;casagrande|1|6|3.08|
507;casais|1|2|3.08|
508;casal|1|4|2.67|1|6|2.67|
509;casamata|1|9|3.08|
510;cascata|1|8|3.08|
511;caso|1|2|1.98|2|3|3.96|1|5|1.98|5|8|9.90|2|12|3.96|
512;casos|1|4|2.67|1|9|2.67|
513;cassada|1|2|3.08|
514;cassio|1|8|3.08|
515;castro|2|12|6.16|
516;categoria|1|6|3.08|
517;causado|1|1|3.08|
518;cauteloso|1|2|3.08|
519;cearenses|1|9|3.08|
520;cegou|1|9|3.08|
521;cell|1|4|3.08|
522;celular|4|2|12.32|
523;celulares|3|2|9.24|
524;celulas|1|2|2.67|2|4|5.35|
525;cem|1|9|3.08|
526;center|1|4|3.08|
527;central|1|14|3.08|
528;centralizacao|1|7|3.08|
529;cerca|1|14|3.08|
530;cerebrais|1|2|3.08|
531;cerebro|2|2|5.35|1|4|2.67|
532;certa|1|6|3.08|
533;certeza|2|12|6.16|
534;certo|1|4|3.08|
535;cesar|1|7|3.08|
536;cesariana|1|2|2.67|2|4|5.35|
537;cesarianas|5|4|15.40|
538;cesarias|1|4|3.08|
539;chamado|1|8|3.08|
540;chamados|1|4|3.08|
541;chamam|1|11|3.08|
542;chamas|1|1|3.08|
543;chancelaria|1|9|3.08|
544;chapa|2|6|6.16|
545;chapas|2|6|6.16|
546;charles|1|3|3.08|
547;chavez|3|9|9.24|
548;chefao|1|8|3.08|
549;chefia|1|11|3.08|
550;chefiada|1|7|3.08|
551;chegam|1|4|3.08|
552;chegando|1|1|3.08|
553;chegar|1|9|3.08|
554;chegava|1|9|3.08|
555;chegou|1|9|2.39|3|12|7.16|1|14|2.39|
556;cheney|1|8|3.08|
557;cheque|1|9|3.08|
558;choque|1|9|3.08|
559;chovia|1|1|3.08|
560;cidadaos|1|3|2.67|2|5|5.35|
561;ciencia|1|2|2.39|1|4|2.39|1|8|2.39|
562;ciencias|1|2|3.08|
563;cientistas|3|2|9.24|
564;cigarro|1|8|3.08|
565;cigarros|1|8|3.08|
566;cima|1|9|3.08|
567;cinco|2|4|5.35|1|12|2.67|
568;circuito|1|9|3.08|
569;citado|1|11|3.08|
570;citation|1|9|3.08|
571;civil|4|12|12.32|
572;claudio|1|8|2.67|3|12|8.02|
573;clientes|1|9|3.08|
574;clima|1|2|3.08|
575;clinica|1|2|2.67|1|14|2.67|
576;clinicas|1|4|3.08|
577;clinico|1|8|3.08|
578;clinicos|1|2|3.08|
579;cloudsat|1|2|3.08|
580;clovis|1|12|3.08|
581;co|1|5|3.08|
582;cobertura|2|11|6.16|
583;cobranca|1|14|3.08|
584;coelho|1|12|3.08|
585;coisa|1|2|2.16|1|5|2.16|1|9|2.16|1|12|2.16|
586;coisas|1|8|3.08|
587;cola|1|6|3.08|
588;colabora|1|8|3.08|
589;colado|1|8|3.08|
590;coletados|1|4|3.08|
591;colisao|1|2|3.08|
592;colnago|1|7|3.08|
593;colocando|1|9|3.08|
594;colocassem|1|9|3.08|
595;colonialismo|1|9|3.08|
596;com|1|0|1.06|3|1|3.19|9|2|9.58|2|3|2.13|8|4|8.52|2|5|2.13|2|6|2.13|3|7|3.19|9|8|9.58|9|9|9.58|1|11|1.06|8|12|8.52|2|13|2.13|4|14|4.26|
597;comando|1|9|2.67|1|12|2.67|
598;combina|1|4|3.08|
599;combinado|2|7|6.16|
600;combinou|2|4|6.16|
601;comeca|1|13|3.08|
602;comecaram|1|1|3.08|
603;comeco|1|4|3.08|
604;comecou|1|12|3.08|
605;comentou|1|2|3.08|
606;comerciantes|1|11|3.08|
607;cometa|1|2|3.08|
608;cometendo|1|2|3.08|
609;cometeu|1|9|3.08|
610;comidas|1|11|3.08|
611;comissao|1|7|3.08|
612;comissionados|1|7|3.08|
613;comite|1|8|3.08|
614;como|1|1|1.37|1|2|1.37|5|4|6.87|4|5|5.50|5|6|6.87|2|8|2.75|2|9|2.75|3|11|4.12|1|12|1.37|2|14|2.75|
615;companero|1|9|3.08|
616;companeros|1|9|3.08|
617;comparacao|1|4|3.08|
618;comparar|1|8|2.67|1|9|2.67|
619;competencia|1|2|2.67|1|7|2.67|
620;competencias|1|7|3.08|
621;competentes|1|9|3.08|
622;completada|1|2|3.08|
623;completara|1|9|3.08|
624;completo|1|4|3.08|
625;complexas|1|2|3.08|
626;complicacoes|1|4|3.08|
627;comprou|1|2|2.67|1|9|2.67|
628;comum|1|9|3.08|
629;comunicado|1|4|3.08|
630;comunidade|2|5|4.33|1|6|2.16|1|9|2.16|2|11|4.33|
631;con|1|2|3.08|
632;concedeu|1|9|3.08|
633;concedido|1|8|3.08|
634;conceicao|1|11|3.08|
635;conceito|1|4|3.08|
636;conclusao|1|4|2.67|1|12|2.67|
637;concorrer|1|6|3.08|
638;concursos|1|8|3.08|
639;condenacao|1|5|2.67|1|12|2.67|
640;condenado|1|8|3.08|
641;condenaram|1|5|3.08|
642;condenou|1|5|3.08|
643;conexao|1|6|3.08|
644;conferencia|2|2|6.16|
645;conferencias|1|2|3.08|
646;confessou|1|13|3.08|
647;confia|2|12|6.16|
648;configuram|1|3|3.08|
649;confio|1|12|3.08|
650;confirmar|1|2|3.08|
651;conflito|1|7|3.08|
652;conforme|1|14|3.08|
653;confundido|1|3|3.08|
654;congresso|1|4|3.08|
655;conhece|1|12|3.08|
656;conhecem|1|12|3.08|
657;conhecido|1|11|3.08|
658;conhecimento|1|9|3.08|
659;conjeturar|1|5|3.08|
660;conseguiam|1|4|3.08|
661;conseguir|1|9|3.08|
662;conseguiram|1|1|2.67|1|14|2.67|
663;conselho|1|9|3.08|
664;consenso|1|2|3.08|
665;conservacao|1|2|3.08|
666;considerada|1|6|2.67|1|9|2.67|
667;considerados|1|12|3.08|
668;constantemente|1|11|3.08|
669;constelacao|2|2|6.16|
670;construcao|1|2|2.67|2|9|5.35|
671;consultadas|1|4|3.08|
672;conta|1|5|2.16|2|9|4.33|1|11|2.16|1|12|2.16|
673;contaram|1|1|3.08|
674;contas|2|6|6.16|
675;contato|1|12|2.67|1|14|2.67|
676;contestado|1|2|2.67|1|5|2.67|
677;continua|1|7|2.67|2|8|5.35|
678;continuar|1|12|2.67|1|14|2.67|
679;contou|1|1|2.39|1|2|2.39|1|14|2.39|
680;contra|3|5|6.49|1|7|2.16|2|9|4.33|1|13|2.16|
681;contraditorio|1|12|3.08|
682;contraria|1|5|2.67|1|11|2.67|
683;contrario|1|8|2.67|3|9|8.02|
684;contratado|1|14|3.08|
685;contratados|1|9|3.08|
686;contratar|1|14|3.08|
687;contratos|1|8|2.67|1|9|2.67|
688;contratou|1|8|3.08|
689;controle|2|3|6.16|
690;convencao|1|6|3.08|
691;convencionais|1|4|2.67|1|6|2.67|
692;convencoes|1|6|3.08|
693;conversa|1|9|3.08|
694;conversar|1|7|3.08|
695;conversaram|1|12|3.08|
696;converso|1|12|3.08|
697;convida|1|9|3.08|
698;cooperativa|1|2|3.08|
699;coordenador|1|7|3.08|
700;coordenadoria|2|7|6.16|
701;coqueiral|2|14|6.16|
702;cor|3|5|8.02|1|12|2.67|
703;coracao|1|8|3.08|
704;cordilheira|1|9|3.08|
705;coretta|1|5|3.08|
706;corey|1|1|3.08|
707;coronarias|1|8|3.08|
708;coronel|1|9|2.67|6|12|16.04|
709;corpus|1|8|3.08|
710;corre|2|9|6.16|
711;correa|2|8|6.16|
712;correndo|1|2|3.08|
713;correram|2|1|6.16|
714;corrupcao|1|8|3.08|
715;cortar|1|8|3.08|
716;costa|1|2|2.67|1|8|2.67|
717;costas|1|9|2.67|1|13|2.67|
718;cotas|2|5|6.16|
719;covarde|1|8|3.08|
720;cozinhou|1|9|3.08|
721;credenciais|1|9|3.08|
722;credit|1|9|3.08|
723;creditos|1|8|3.08|
724;crenca|1|9|3.08|
725;crencas|1|5|3.08|
726;crescente|1|3|3.08|
727;crescimento|1|6|3.08|
728;cria|2|9|6.16|
729;criacao|5|2|11.93|2|7|4.77|1|9|2.39|
730;criancas|1|2|2.67|1|5|2.67|
731;criaram|1|9|3.08|
732;crime|2|12|6.16|
733;crimes|1|11|2.67|1|13|2.67|
734;criminal|2|12|6.16|
735;criminosas|1|11|3.08|
736;criminoso|1|11|2.67|2|14|5.35|
737;criminosos|3|11|9.24|
738;criou|1|4|3.08|
739;crise|1|9|3.08|
740;cristina|1|6|3.08|
741;criterios|2|5|6.16|
742;criticas|1|8|3.08|
743;criticos|1|0|3.08|
744;criticou|1|7|3.08|
745;cuba|1|4|3.08|
746;cunha|2|8|6.16|
747;cupula|1|9|3.08|
748;cura|1|4|3.08|
749;curado|1|4|3.08|
750;curados|1|4|3.08|
751;curar|1|4|3.08|
752;curriculos|1|14|3.08|
753;curtas|1|9|3.08|
754;curva|1|13|3.08|
755;custo|1|14|3.08|
756;custou|1|8|3.08|
757;d|1|2|2.67|1|4|2.67|
758;da|10|1|11.34|13|2|14.74|4|3|4.53|10|4|11.34|7|5|7.93|9|6|10.20|5|7|5.67|14|8|15.87|17|9|19.27|8|11|9.07|9|12|10.20|1|13|1.13|10|14|11.34|
759;dados|3|3|8.02|2|4|5.35|
760;dancar|1|8|3.08|
761;dando|1|11|3.08|
762;dao|2|11|6.16|
763;dar|1|8|3.08|
764;das|1|1|1.29|1|2|1.29|1|4|1.29|1|5|1.29|2|6|2.58|2|7|2.58|4|8|5.15|3|9|3.86|3|12|3.86|1|13|1.29|2|14|2.58|
765;dava|1|14|3.08|
766;de|3|0|3.19|12|1|12.77|62|2|66.00|18|3|19.16|53|4|56.42|26|5|27.68|17|6|18.10|18|7|19.16|36|8|38.32|54|9|57.49|27|11|28.74|36|12|38.32|8|13|8.52|20|14|21.29|
767;debaixo|1|9|3.08|
768;debater|1|7|3.08|
769;decente|1|5|3.08|
770;decidir|1|2|2.67|1|12|2.67|
771;decisoes|2|2|5.35|1|8|2.67|
772;declaracoes|1|12|3.08|
773;declarados|1|9|2.67|1|12|2.67|
774;declive|2|1|6.16|
775;decretando|1|2|3.08|
776;dedo|1|8|2.67|1|12|2.67|
777;dedos|1|8|3.08|
778;defende|1|12|3.08|
779;defendem|1|9|3.08|
780;defenderam|1|7|3.08|
781;defesa|2|12|6.16|
782;defesas|1|12|3.08|
783;definicao|1|8|3.08|
784;degenerativa|1|4|3.08|
785;deixa|1|8|3.08|
786;deixar|2|1|5.35|2|2|5.35|
787;deixaria|1|2|3.08|
788;deixou|1|9|3.08|
789;delas|2|12|5.35|1|14|2.67|
790;dele|1|8|2.39|1|11|2.39|2|12|4.77|
791;delegacia|1|12|3.08|
792;delegacias|1|13|3.08|
793;deles|1|3|2.67|1|4|2.67|
794;delicado|1|6|3.08|
795;demais|1|9|3.08|
796;demencia|1|4|3.08|
797;demonstrando|1|12|3.08|
798;demonstravam|1|4|3.08|
799;demora|1|8|3.08|
800;dentro|1|4|3.08|
801;denuncia|1|8|3.08|
802;departamento|1|12|3.08|
803;dependencia|1|9|3.08|
804;depoimento|2|12|6.16|
805;depoimentos|7|12|21.56|
806;depois|1|2|1.98|2|3|3.96|1|4|1.98|2|9|3.96|3|12|5.94|
807;deportados|2|3|6.16|
808;depressao|4|4|12.32|
809;deputada|1|7|3.08|
810;deputado|3|6|8.02|2|8|5.35|
811;deputados|2|7|5.35|1|8|2.67|
812;der|1|4|3.08|
813;deram|1|12|3.08|
814;derrapou|2|1|6.16|
815;desautorizado|1|8|3.08|
816;descentraliza|1|7|3.08|
817;descentralizacao|2|7|6.16|
818;descoberta|2|2|6.16|
819;descobrir|1|13|3.08|
820;descobriram|1|2|3.08|
821;descobriu|1|4|3.08|
822;desconforto|1|9|3.08|
823;descricao|1|4|3.08|
824;desde|1|8|2.67|1|12|2.67|
825;desdenharam|1|9|3.08|
826;desembarcar|1|3|3.08|
827;desembargador|1|7|3.08|
828;desenvolver|1|2|3.08|
829;desenvolvido|1|2|3.08|
830;desenvolvimentistas|1|9|3.08|
831;desenvolvimento|1|2|2.67|1|4|2.67|
832;desenvolvimentos|1|4|3.08|
833;desgostou|1|9|3.08|
834;despachados|1|3|3.08|
835;dessa|1|4|3.08|
836;dessas|1|4|3.08|
837;desse|1|3|2.67|2|12|5.35|
838;desses|1|11|3.08|
839;deste|1|9|3.08|
840;detalhes|1|12|3.08|
841;determinacao|1|12|3.08|
842;determinou|1|9|2.67|1|14|2.67|
843;detonar|1|4|3.08|
844;deturpando|1|5|3.08|
845;deu|1|2|2.67|2|9|5.35|
846;deus|3|12|8.02|2|14|5.35|
847;deve|2|7|6.16|
848;devem|1|6|2.67|1|14|2.67|
849;deveria|1|5|2.39|1|8|2.39|1|9|2.39|
850;deveriam|1|7|2.67|2|14|5.35|
851;deviam|1|4|3.08|
852;dexter|1|5|3.08|
853;dez|2|4|6.16|
854;dia|1|3|1.83|1|4|1.83|2|8|3.65|1|9|1.83|2|12|3.65|1|13|1.83|
855;diabetes|1|2|3.08|
856;diagnosticada|1|4|3.08|
857;diagnostico|1|4|3.08|
858;diarias|1|8|3.08|
859;diarios|1|2|3.08|
860;dias|1|8|2.67|1|9|2.67|
861;dick|1|8|3.08|
862;diego|1|4|3.08|
863;diferenca|1|6|3.08|
864;diferente|1|12|3.08|
865;dificil|1|2|2.67|1|9|2.67|
866;dificuldade|1|8|3.08|
867;dificultara|1|6|3.08|
868;digestao|2|2|6.16|
869;digitais|1|8|3.08|
870;digital|1|8|3.08|
871;diligencias|2|12|6.16|
872;dinheiro|1|8|2.67|2|14|5.35|
873;diploma|1|9|3.08|
874;diplomata|1|9|3.08|
875;dirceu|2|8|5.35|1|9|2.67|
876;direita|1|2|2.67|1|12|2.67|
877;direito|1|2|2.67|1|5|2.67|
878;direitos|1|9|3.08|
879;diretas|1|7|3.08|
880;diretor|1|2|3.08|
881;diretora|1|6|3.08|
882;diretorias|1|8|3.08|
883;dirigindo|1|2|3.08|
884;discriminacao|1|5|3.08|
885;discurso|1|5|3.08|
886;discursou|1|5|3.08|
887;discutir|1|5|3.08|
888;discutiu|1|8|3.08|
889;dispensar|1|8|3.08|
890;dispense|1|8|3.08|
891;disputa|1|6|3.08|
892;disputar|1|6|3.08|
893;disse|1|0|1.47|3|1|4.41|1|4|1.47|4|5|5.88|1|6|1.47|1|8|1.47|1|11|1.47|7|12|10.29|1|14|1.47|
894;disseram|1|1|2.39|1|2|2.39|1|12|2.39|
895;dissesse|1|5|3.08|
896;disso|1|2|2.67|2|9|5.35|
897;distancia|1|6|2.39|1|8|2.39|1|9|2.39|
898;distante|1|3|3.08|
899;distinguir|1|4|3.08|
900;distracao|1|14|3.08|
901;distribuido|1|9|3.08|
902;ditadura|2|9|6.16|
903;diversos|1|5|3.08|
904;divertimento|1|9|3.08|
905;divulgada|1|3|3.08|
906;divulgados|1|3|3.08|
907;divulgou|1|5|3.08|
908;diz|1|0|2.16|3|4|6.49|1|8|2.16|1|9|2.16|
909;dizer|1|4|2.39|2|8|4.77|2|12|4.77|
910;dizia|1|5|3.08|
911;do|3|0|3.19|2|1|2.13|21|2|22.36|5|3|5.32|9|4|9.58|11|5|11.71|15|6|15.97|14|7|14.90|16|8|17.03|28|9|29.81|7|11|7.45|26|12|27.68|3|13|3.19|2|14|2.13|
912;doenca|2|4|6.16|
913;dois|1|1|1.47|1|2|1.47|2|4|2.94|1|6|1.47|2|8|2.94|1|9|1.47|1|12|1.47|1|13|1.47|1|14|1.47|
914;dolares|1|9|3.08|
915;domingos|1|6|2.67|1|9|2.67|
916;dona|2|9|6.16|
917;dono|1|2|3.08|
918;dormem|2|4|6.16|
919;dormiam|2|4|6.16|
920;dormir|2|4|6.16|
921;dos|1|0|1.21|10|2|12.08|8|4|9.66|1|5|1.21|2|6|2.42|4|7|4.83|2|8|2.42|10|9|12.08|4|11|4.83|4|12|4.83|1|13|1.21|1|14|1.21|
922;doutor|1|9|3.08|
923;drogas|1|11|3.08|
924;duas|4|12|12.32|
925;dubos|1|1|3.08|
926;dupla|1|2|3.08|
927;duracao|1|2|3.08|
928;durante|2|1|2.94|2|2|2.94|3|4|4.41|1|5|1.47|1|6|1.47|1|7|1.47|2|9|2.94|1|11|1.47|1|12|1.47|
929;e|2|0|2.00|11|1|11.00|26|2|26.00|5|3|5.00|26|4|26.00|14|5|14.00|17|6|17.00|7|7|7.00|23|8|23.00|23|9|23.00|1|10|1.00|13|11|13.00|20|12|20.00|5|13|5.00|14|14|14.00|
930;ecoa|1|9|3.08|
931;ecoam|1|9|3.08|
932;edicao|1|2|3.08|
933;eduardo|1|8|3.08|
934;efeitos|1|2|3.08|
935;efetivos|1|7|3.08|
936;eficacia|1|2|3.08|
937;ela|3|9|8.02|1|14|2.67|
938;elaborada|1|7|3.08|
939;ele|1|1|1.47|2|2|2.94|2|5|2.94|1|6|1.47|4|8|5.88|2|11|2.94|5|12|7.35|1|13|1.47|6|14|8.82|
940;elegeu|2|6|6.16|
941;eleicao|2|6|6.16|
942;eleitorais|1|6|3.08|
943;eleitoral|1|6|3.08|
944;eleitores|1|8|2.67|1|9|2.67|
945;eles|1|0|1.83|1|2|1.83|1|4|1.83|1|8|1.83|2|11|3.65|1|12|1.83|
946;eletricista|1|3|3.08|
947;eletromagnetica|1|2|3.08|
948;elias|1|13|3.08|
949;elio|1|5|2.67|1|9|2.67|
950;elite|1|9|3.08|
951;em|4|1|4.83|11|2|13.28|8|3|9.66|21|4|25.36|5|5|6.04|5|6|6.04|3|7|3.62|12|8|14.49|10|9|12.08|5|11|6.04|9|12|10.87|6|14|7.25|
952;embaixada|1|8|3.08|
953;embaixador|2|8|5.35|1|9|2.67|
954;embora|1|4|3.08|
955;embratur|1|8|3.08|
956;emergencia|1|1|3.08|
957;emissoes|1|2|3.08|
958;emitir|1|2|3.08|
959;empreendimento|2|2|6.16|
960;emprego|2|14|6.16|
961;empresa|1|8|2.39|2|9|4.77|3|14|7.16|
962;empresario|2|6|5.35|1|13|2.67|
963;empurrar|1|9|3.08|
964;encantava|1|9|3.08|
965;encarapitada|1|9|3.08|
966;encontra|1|14|3.08|
967;encontrou|1|2|3.08|
968;endureceram|1|3|3.08|
969;enfermeiras|1|4|3.08|
970;engano|1|3|3.08|
971;enganou|1|14|3.08|
972;engarrafamento|1|1|3.08|
973;engolem|1|2|3.08|
974;engordar|1|4|3.08|
975;enquanto|1|4|3.08|
976;enrolando|1|8|3.08|
977;enron|3|9|9.24|
978;entanto|2|2|6.16|
979;entao|1|4|3.08|
980;entender|1|2|2.67|1|9|2.67|
981;entrada|2|3|6.16|
982;entrar|1|3|2.67|1|12|2.67|
983;entre|1|2|1.83|1|3|1.83|3|4|5.48|1|5|1.83|1|7|1.83|2|9|3.65|
984;entregas|1|13|3.08|
985;entregou|1|11|3.08|
986;entrem|1|8|3.08|
987;entrou|1|5|2.67|1|9|2.67|
988;envenenar|1|9|3.08|
989;envia|1|4|3.08|
990;enviar|1|14|3.08|
991;envolvendo|1|2|3.08|
992;envolvimento|1|8|2.67|1|13|2.67|
993;equador|2|4|6.16|
994;equipe|1|4|3.08|
995;equivalente|1|2|3.08|
996;era|1|3|1.83|4|5|7.31|3|9|5.48|1|12|1.83|1|13|1.83|1|14|1.83|
997;ernesto|1|9|3.08|
998;es|1|7|3.08|
999;escalacao|1|6|3.08|
1000;esclarecimentos|1|12|3.08|
1001;escoltaram|1|12|3.08|
1002;escrito|1|12|3.08|
1003;escritorio|1|8|3.08|
1004;escutamos|1|1|3.08|
1005;eso|1|2|3.08|
1006;espacial|1|2|3.08|
1007;espaco|1|6|2.67|2|8|5.35|
1008;espantava|1|2|3.08|
1009;especiais|1|12|3.08|
1010;especialmente|2|3|6.16|
1011;especie|1|9|3.08|
1012;espera|1|12|3.08|
1013;esperam|1|2|3.08|
1014;esperamos|1|4|3.08|
1015;esperar|1|8|3.08|
1016;esperava|1|5|2.67|1|8|2.67|
1017;espirito|1|7|3.08|
1018;esplendida|1|9|3.08|
1019;espoliados|1|9|3.08|
1020;esquema|1|11|2.67|1|12|2.67|
1021;esquerda|1|2|2.67|1|12|2.67|
1022;essa|1|2|2.16|3|4|6.49|1|5|2.16|1|6|2.16|
1023;esse|2|9|6.16|
1024;esses|1|4|2.67|2|11|5.35|
1025;esta|1|2|1.69|2|3|3.39|3|4|5.08|1|6|1.69|1|7|1.69|1|8|1.69|2|12|3.39|
1026;estabelecimentos|1|5|3.08|
1027;estado|3|2|6.49|1|5|2.16|1|6|2.16|2|7|4.33|
1028;estados|1|4|3.08|
1029;estaduais|1|7|3.08|
1030;estadual|1|6|2.67|1|7|2.67|
1031;estao|2|2|3.96|1|4|1.98|1|5|1.98|1|7|1.98|2|11|3.96|
1032;estar|1|2|2.67|1|12|2.67|
1033;estara|1|4|3.08|
1034;estatais|1|8|3.08|
1035;estatuto|1|5|3.08|
1036;estava|2|1|3.96|1|9|1.98|1|11|1.98|5|12|9.90|1|13|1.98|
1037;estavam|1|9|3.08|
1038;este|1|14|3.08|
1039;estimativas|1|3|3.08|
1040;estimulo|1|6|3.08|
1041;estrada|1|6|3.08|
1042;estrangeiros|1|3|2.67|1|8|2.67|
1043;estrategia|1|4|3.08|
1044;estuda|1|2|3.08|
1045;estudantes|2|2|6.16|
1046;estudar|1|2|3.08|
1047;estudo|4|2|10.70|11|4|29.41|
1048;estudos|1|2|2.67|1|4|2.67|
1049;etapa|2|14|6.16|
1050;etapas|2|12|6.16|
1051;eu|1|5|2.16|1|6|2.16|1|9|2.16|1|12|2.16|
1052;eua|1|2|2.16|1|3|2.16|1|4|2.16|1|8|2.16|
1053;europa|1|9|3.08|
1054;europeia|1|3|2.67|1|9|2.67|
1055;europeu|1|2|2.67|2|9|5.35|
1056;euros|1|6|3.08|
1057;evangelicos|2|14|6.16|
1058;evidencias|1|2|3.08|
1059;evitar|2|2|5.35|1|12|2.67|
1060;evo|3|9|9.24|
1061;ex|1|6|2.39|2|8|4.77|6|12|14.32|
1062;exame|3|14|9.24|
1063;examinaram|1|2|3.08|
1064;examinou|1|4|3.08|
1065;exclusivamente|1|2|3.08|
1066;execucao|1|7|3.08|
1067;execucoes|4|7|12.32|
1068;executado|1|8|3.08|
1069;executiva|1|9|3.08|
1070;exemplo|1|4|3.08|
1071;exercicio|2|4|6.16|
1072;exercito|2|9|5.35|1|11|2.67|
1073;exigencia|1|8|3.08|
1074;exigido|1|3|3.08|
1075;existe|1|2|2.67|1|9|2.67|
1076;existentes|1|2|3.08|
1077;expectativas|1|6|3.08|
1078;experimento|1|4|3.08|
1079;explica|1|2|3.08|
1080;explicar|1|2|3.08|
1081;explodem|1|4|3.08|
1082;explosao|1|9|3.08|
1083;exposicao|2|2|6.16|
1084;expressao|1|8|3.08|
1085;fabio|1|13|3.08|
1086;facilita|1|6|3.08|
1087;facilmente|1|2|3.08|
1088;faco|1|9|3.08|
1089;faculdade|1|2|3.08|
1090;fagos|1|4|3.08|
1091;fala|1|2|2.67|1|5|2.67|
1092;falar|1|6|3.08|
1093;falaram|3|12|9.24|
1094;falou|1|12|3.08|
1095;falsa|2|14|6.16|
1096;falsificadores|1|8|3.08|
1097;falta|3|8|9.24|
1098;familia|1|9|2.67|1|12|2.67|
1099;familiar|1|2|3.08|
1100;famosa|1|5|3.08|
1101;faria|1|2|3.08|
1102;fariam|1|5|3.08|
1103;farias|1|14|3.08|
1104;farmaceuticos|1|2|3.08|
1105;farmacias|1|11|3.08|
1106;fase|1|12|3.08|
1107;fato|1|4|3.08|
1108;fatos|1|5|2.67|1|12|2.67|
1109;favorecer|1|2|2.67|1|8|2.67|
1110;favores|1|11|3.08|
1111;faz|1|2|2.39|2|4|4.77|1|8|2.39|
1112;fazem|3|8|8.02|1|9|2.67|
1113;fazer|1|2|2.16|1|7|2.16|2|9|4.33|1|14|2.16|
1114;fazia|1|1|3.08|
1115;fe|1|12|3.08|
1116;fechada|1|1|3.08|
1117;fecharem|1|9|3.08|
1118;fechou|1|9|3.08|
1119;fecundacao|1|2|3.08|
1120;federal|2|2|4.77|4|6|9.55|1|7|2.39|
1121;feira|5|6|11.93|1|9|2.39|1|14|2.39|
1122;feita|1|14|3.08|
1123;feito|2|4|5.35|1|14|2.67|
1124;felicidade|1|0|3.08|
1125;felizardos|1|6|3.08|
1126;ferias|1|9|3.08|
1127;feridas|1|1|3.08|
1128;ferido|1|8|3.08|
1129;fernando|1|6|3.08|
1130;ferreira|6|12|18.48|
1131;ferteis|1|2|3.08|
1132;fertilidade|2|2|6.16|
1133;fez|1|8|2.67|2|9|5.35|
1134;fica|1|0|1.98|1|7|1.98|1|8|1.98|1|9|1.98|1|11|1.98|
1135;ficaram|1|1|3.08|
1136;ficava|1|9|3.08|
1137;ficou|1|1|2.39|2|7|4.77|1|9|2.39|
1138;figura|1|9|3.08|
1139;filho|1|2|2.16|1|5|2.16|1|9|2.16|2|12|4.33|
1140;filhos|1|9|2.67|1|12|2.67|
1141;filmada|1|12|3.08|
1142;fina|1|8|3.08|
1143;finais|2|12|6.16|
1144;final|1|6|2.39|1|7|2.39|2|12|4.77|
1145;firmaram|1|8|3.08|
1146;fisco|1|9|3.08|
1147;fisico|1|4|3.08|
1148;fisicos|1|4|3.08|
1149;fisiopatologia|1|2|3.08|
1150;fizeram|1|11|2.67|1|14|2.67|
1151;flagrados|1|11|3.08|
1152;florencio|1|12|3.08|
1153;fluxo|1|1|3.08|
1154;fogo|3|1|9.24|
1155;foi|2|1|2.27|3|2|3.40|4|3|4.53|10|4|11.34|4|5|4.53|2|6|2.27|1|7|1.13|4|8|4.53|5|9|5.67|2|11|2.27|1|12|1.13|1|13|1.13|2|14|2.27|
1156;foice|1|8|3.08|
1157;fora|1|1|2.39|1|3|2.39|1|9|2.39|
1158;foram|2|1|3.39|1|3|1.69|4|4|6.77|1|8|1.69|1|11|1.69|3|12|5.08|2|14|3.39|
1159;forca|1|5|2.67|1|9|2.67|
1160;forcou|1|9|3.08|
1161;forem|1|9|3.08|
1162;forma|1|2|3.08|
1163;formada|1|7|3.08|
1164;formal|1|8|3.08|
1165;formam|1|3|3.08|
1166;fornecimento|1|9|3.08|
1167;forte|1|4|2.67|1|12|2.67|
1168;forum|4|12|10.70|1|14|2.67|
1169;fosse|1|4|2.67|1|5|2.67|
1170;fossem|1|14|3.08|
1171;fotografada|1|12|3.08|
1172;fotos|1|14|3.08|
1173;fraga|1|6|3.08|
1174;france|2|1|6.16|
1175;franco|1|8|3.08|
1176;fraqueza|1|9|3.08|
1177;frase|1|5|3.08|
1178;fraudados|1|9|3.08|
1179;frear|1|1|3.08|
1180;freia|1|2|3.08|
1181;freitas|1|13|3.08|
1182;frente|1|2|2.67|1|14|2.67|
1183;friburgo|1|2|3.08|
1184;fugiram|1|13|3.08|
1185;fugiu|2|14|6.16|
1186;fui|1|8|3.08|
1187;fumaca|1|1|3.08|
1188;funcao|1|11|2.67|2|12|5.35|
1189;funcionais|1|2|3.08|
1190;funcionam|1|6|3.08|
1191;funcionario|1|1|2.39|1|8|2.39|2|14|4.77|
1192;funcionarios|1|7|2.67|2|14|5.35|
1193;funcionava|1|9|3.08|
1194;furtos|1|11|3.08|
1195;fuselagem|1|1|3.08|
1196;futuras|1|4|3.08|
1197;gabinete|1|8|3.08|
1198;gado|2|9|6.16|
1199;gagno|2|12|6.16|
1200;galeria|1|6|3.08|
1201;gangue|2|11|6.16|
1202;ganha|1|8|3.08|
1203;ganhar|1|8|3.08|
1204;ganharam|1|8|3.08|
1205;gao|1|11|3.08|
1206;garantida|1|2|3.08|
1207;gas|4|9|12.32|
1208;gasoduto|4|9|12.32|
1209;gaspari|1|5|2.67|1|9|2.67|
1210;gastaram|1|9|3.08|
1211;geisel|2|9|6.16|
1212;general|5|9|15.40|
1213;genero|2|5|6.16|
1214;geneticamente|1|4|3.08|
1215;gente|1|8|2.67|1|12|2.67|
1216;george|1|8|3.08|
1217;geral|1|8|2.67|1|12|2.67|
1218;geraldo|1|6|2.67|1|9|2.67|
1219;gerar|2|7|6.16|
1220;gesto|1|8|3.08|
1221;gol|1|12|3.08|
1222;golpe|1|9|2.67|1|14|2.67|
1223;golpista|2|14|6.16|
1224;gomes|2|12|6.16|
1225;goulart|2|11|6.16|
1226;governada|1|9|3.08|
1227;governador|3|6|7.16|3|8|7.16|1|9|2.39|
1228;governante|2|9|6.16|
1229;governista|1|6|3.08|
1230;governo|1|0|1.98|1|1|1.98|2|6|3.96|4|8|7.92|1|9|1.98|
1231;grande|1|4|2.39|1|6|2.39|2|11|4.77|
1232;gravata|1|14|3.08|
1233;grupo|5|4|11.93|1|5|2.39|1|11|2.39|
1234;grupos|1|9|3.08|
1235;guerra|4|4|12.32|
1236;guia|3|9|9.24|
1237;guilherme|1|8|3.08|
1238;h|1|6|3.08|
1239;ha|1|2|2.16|1|3|2.16|1|5|2.16|4|8|8.65|
1240;habeas|1|8|3.08|
1241;habitos|1|4|3.08|
1242;hajitou|1|4|3.08|
1243;halliburton|1|8|3.08|
1244;hartung|3|6|9.24|
1245;harvard|1|9|3.08|
1246;havia|1|1|2.39|2|5|4.77|1|6|2.39|
1247;hectares|1|2|3.08|
1248;helicoptero|1|8|3.08|
1249;hercules|1|8|3.08|
1250;herzog|1|12|3.08|
1251;hezidog|1|12|3.08|
1252;hibridos|1|4|3.08|
1253;hic|1|8|3.08|
1254;hiperplasia|1|4|3.08|
1255;historia|1|9|3.08|
1256;historiador|1|9|3.08|
1257;hitler|1|9|3.08|
1258;hoje|1|2|2.16|2|4|4.33|1|9|2.16|2|12|4.33|
1259;homem|3|2|9.24|
1260;homens|2|2|4.77|1|4|2.39|1|14|2.39|
1261;homicidio|1|9|3.08|
1262;homicidios|1|11|3.08|
1263;hora|1|1|1.98|1|6|1.98|1|8|1.98|1|12|1.98|1|14|1.98|
1264;horario|1|14|3.08|
1265;horas|2|1|4.33|4|4|8.65|1|6|2.16|1|8|2.16|
1266;hormonal|1|2|3.08|
1267;hospi|1|8|3.08|
1268;hospitais|4|4|12.32|
1269;hugo|1|9|3.08|
1270;humanas|1|4|3.08|
1271;humanos|2|4|6.16|
1272;humberto|1|8|3.08|
1273;humilhacao|1|9|3.08|
1274;ibama|2|2|6.16|
1275;ibr|1|14|3.08|
1276;icone|1|5|3.08|
1277;idade|1|2|2.67|2|4|5.35|
1278;ideia|1|7|2.67|2|9|5.35|
1279;ideias|1|5|3.08|
1280;identificacao|1|8|3.08|
1281;identificada|1|14|3.08|
1282;identificar|1|4|3.08|
1283;igreja|5|14|15.40|
1284;igualdade|1|5|3.08|
1285;ii|1|11|3.08|
1286;iluminar|1|1|3.08|
1287;imagens|1|1|3.08|
1288;imigracao|2|3|6.16|
1289;imigrantes|2|3|6.16|
1290;impede|1|5|3.08|
1291;impedidos|1|3|3.08|
1292;impedir|1|2|2.67|1|8|2.67|
1293;impediria|1|2|3.08|
1294;implante|1|2|3.08|
1295;importancia|1|9|3.08|
1296;importante|1|1|2.67|1|4|2.67|
1297;imposta|1|9|3.08|
1298;imprensa|1|8|2.39|4|12|9.55|1|14|2.39|
1299;impressoes|1|8|3.08|
1300;impropria|1|5|3.08|
1301;impunidade|1|8|3.08|
1302;inaceitaveis|1|2|3.08|
1303;incapazes|1|9|3.08|
1304;incendio|1|1|3.08|
1305;incendios|2|11|6.16|
1306;incluia|1|9|3.08|
1307;incluidas|1|4|3.08|
1308;incluido|1|5|3.08|
1309;inclusive|1|2|1.98|1|5|1.98|1|8|1.98|1|11|1.98|1|14|1.98|
1310;inconstitucionalidade|1|7|3.08|
1311;independem|1|8|3.08|
1312;indica|2|4|6.16|
1313;indicadas|2|12|6.16|
1314;indicador|1|6|2.67|1|12|2.67|
1315;indigenas|1|9|3.08|
1316;individuos|1|4|3.08|
1317;industria|1|9|3.08|
1318;inedita|1|4|3.08|
1319;infectar|1|4|3.08|
1320;infladas|1|1|3.08|
1321;informacao|1|9|3.08|
1322;informacoes|1|14|3.08|
1323;informado|1|9|3.08|
1324;informar|1|4|2.67|1|12|2.67|
1325;informou|1|2|2.39|1|8|2.39|1|14|2.39|
1326;infratores|1|11|3.08|
1327;infundados|1|2|3.08|
1328;inglaterra|2|3|6.16|
1329;ingles|1|4|2.67|3|9|8.02|
1330;inglesas|1|9|3.08|
1331;inicio|1|4|2.67|1|14|2.67|
1332;inimiga|1|8|3.08|
1333;inimigo|1|8|3.08|
1334;injecao|1|2|3.08|
1335;injecoes|2|4|6.16|
1336;injetada|1|4|3.08|
1337;inocencio|1|8|3.08|
1338;inocentado|3|12|9.24|
1339;inscricao|1|6|3.08|
1340;insiste|1|6|3.08|
1341;instituto|2|2|6.16|
1342;instrumentos|2|2|6.16|
1343;integrante|1|11|3.08|
1344;interessadissimo|1|9|3.08|
1345;interessado|1|4|3.08|
1346;interessados|3|14|9.24|
1347;interesse|1|9|3.08|
1348;interferir|1|7|3.08|
1349;interior|1|3|3.08|
1350;internacional|1|1|3.08|
1351;internamente|1|14|3.08|
1352;international|1|9|3.08|
1353;internet|1|8|3.08|
1354;interrogatorio|1|12|3.08|
1355;interrogatorios|2|12|6.16|
1356;interromper|1|2|3.08|
1357;intervalo|1|12|3.08|
1358;intestinais|1|2|3.08|
1359;intestinos|3|2|9.24|
1360;invencao|1|4|3.08|
1361;inverte|1|1|3.08|
1362;investigacao|1|4|3.08|
1363;investigacoes|3|11|9.24|
1364;investimentos|1|9|3.08|
1365;ir|1|5|2.67|1|8|2.67|
1366;ira|2|0|6.16|
1367;iraque|1|8|3.08|
1368;irem|1|14|3.08|
1369;iria|1|14|3.08|
1370;ironia|1|8|3.08|
1371;ironizou|1|0|3.08|
1372;irregular|1|3|3.08|
1373;isso|2|2|3.65|1|4|1.83|1|5|1.83|1|8|1.83|3|9|5.48|1|11|1.83|
1374;isto|1|4|3.08|
1375;itamar|1|8|3.08|
1376;itamaraty|1|9|3.08|
1377;itaparica|2|14|6.16|
1378;ja|4|2|6.77|1|4|1.69|1|5|1.69|1|6|1.69|1|7|1.69|1|11|1.69|4|12|6.77|
1379;jantar|1|9|3.08|
1380;jarbas|1|8|3.08|
1381;jean|1|3|3.08|
1382;jefferson|1|8|3.08|
1383;jeito|1|7|3.08|
1384;jerusalem|1|14|3.08|
1385;joana|1|8|3.08|
1386;joao|1|8|2.67|2|11|5.35|
1387;jobert|1|13|3.08|
1388;joia|1|2|3.08|
1389;jonatan|2|11|6.16|
1390;jornal|1|12|3.08|
1391;jornalista|1|8|3.08|
1392;jornalistas|1|8|3.08|
1393;jose|3|8|8.02|2|9|5.35|
1394;jubartes|1|2|3.08|
1395;judiciario|6|7|18.48|
1396;judt|1|9|3.08|
1397;juiz|1|7|2.67|10|12|26.74|
1398;juizes|2|7|6.16|
1399;julgadas|1|5|3.08|
1400;julho|1|3|3.08|
1401;junior|1|13|3.08|
1402;juntar|1|2|3.08|
1403;junto|1|8|3.08|
1404;jura|1|8|3.08|
1405;juri|1|12|3.08|
1406;justamente|1|3|3.08|
1407;justica|1|2|2.39|1|7|2.39|4|12|9.55|
1408;king|12|5|36.95|
1409;kremlin|1|9|3.08|
1410;la|1|8|2.67|3|9|8.02|
1411;lado|1|9|2.67|1|11|2.67|
1412;ladrao|1|11|3.08|
1413;ladroes|1|8|3.08|
1414;lanca|1|2|3.08|
1415;lancet|1|2|2.67|1|4|2.67|
1416;lancou|1|2|3.08|
1417;laranjal|1|6|3.08|
1418;laranjas|2|6|6.16|
1419;latina|1|4|3.08|
1420;latino|1|9|3.08|
1421;latrocinio|1|13|3.08|
1422;leal|1|8|3.08|
1423;legislacao|1|3|2.67|1|5|2.67|
1424;legislativa|2|6|5.35|1|7|2.67|
1425;legislativo|1|7|3.08|
1426;lei|1|5|2.67|4|7|10.70|
1427;leite|1|8|3.08|
1428;lembrancas|1|9|3.08|
1429;lembrando|1|8|3.08|
1430;lembrar|1|9|3.08|
1431;lembrou|1|8|3.08|
1432;lenda|1|9|3.08|
1433;lentas|1|2|3.08|
1434;leonardo|2|12|6.16|
1435;leopoldina|1|6|3.08|
1436;levando|2|11|6.16|
1437;levar|1|4|2.39|1|13|2.39|1|14|2.39|
1438;levem|1|5|3.08|
1439;levemente|1|1|3.08|
1440;levou|1|13|2.67|1|14|2.67|
1441;lhe|2|9|6.16|
1442;liberada|1|8|3.08|
1443;libertado|1|8|3.08|
1444;licenciamento|2|2|6.16|
1445;lider|1|6|2.67|2|8|5.35|
1446;liderado|1|4|3.08|
1447;lideranca|1|3|2.67|1|4|2.67|
1448;lideres|1|5|3.08|
1449;liga|1|6|3.08|
1450;ligacao|1|2|3.08|
1451;ligasse|1|12|3.08|
1452;ligou|1|14|3.08|
1453;lima|1|8|3.08|
1454;liminar|1|2|3.08|
1455;limitou|1|12|3.08|
1456;linguajar|1|2|3.08|
1457;lisboa|1|8|2.67|1|12|2.67|
1458;litoral|1|2|3.08|
1459;lo|1|5|2.39|1|7|2.39|1|14|2.39|
1460;locais|1|1|2.67|1|2|2.67|
1461;local|1|2|2.16|1|11|2.16|1|12|2.16|1|14|2.16|
1462;localizado|1|14|3.08|
1463;logo|1|1|3.08|
1464;logomarca|1|14|3.08|
1465;loja|1|14|3.08|
1466;londres|3|3|8.02|1|9|2.67|
1467;londrina|1|3|3.08|
1468;longa|1|2|2.67|1|8|2.67|
1469;los|1|8|3.08|
1470;lotacao|1|2|3.08|
1471;loucos|2|0|5.35|1|1|2.67|
1472;lucas|2|6|6.16|
1473;lugar|1|3|2.16|1|5|2.16|2|6|4.33|1|9|2.16|
1474;luiz|2|6|5.35|3|12|8.02|
1475;luizinho|1|8|3.08|
1476;lula|1|6|2.39|5|8|11.93|3|9|7.16|
1477;luther|3|5|9.24|
1478;lutou|1|5|3.08|
1479;luz|1|1|3.08|
1480;lyonatan|1|11|3.08|
1481;m|1|4|3.08|
1482;maciel|1|8|3.08|
1483;mae|1|2|2.67|1|8|2.67|
1484;maes|1|4|3.08|
1485;mafia|1|8|3.08|
1486;magistrados|2|7|6.16|
1487;magneticas|1|2|3.08|
1488;mahmoud|1|0|3.08|
1489;maio|2|7|5.35|1|13|2.67|
1490;maior|2|2|4.33|2|3|4.33|2|4|4.33|1|8|2.16|
1491;maioria|1|8|3.08|
1492;mais|1|1|1.29|4|2|5.15|2|3|2.58|12|4|15.45|1|6|1.29|1|7|1.29|1|8|1.29|6|9|7.73|1|11|1.29|3|12|3.86|2|13|2.58|
1493;mal|2|4|4.77|1|8|2.39|1|9|2.39|
1494;malandro|1|8|3.08|
1495;malas|1|9|3.08|
1496;malote|1|13|3.08|
1497;malotes|1|13|3.08|
1498;mandar|1|12|3.08|
1499;mando|1|9|2.67|2|12|5.35|
1500;mandou|1|5|2.39|1|8|2.39|1|9|2.39|
1501;mangarai|1|6|3.08|
1502;manguezais|2|2|6.16|
1503;manha|1|7|1.98|1|9|1.98|1|12|1.98|1|13|1.98|1|14|1.98|
1504;manifestacoes|1|6|3.08|
1505;manifesto|3|5|9.24|
1506;manipulado|1|5|3.08|
1507;manobra|1|1|3.08|
1508;manoel|1|8|3.08|
1509;manual|1|8|3.08|
1510;mao|1|8|2.67|2|12|5.35|
1511;mapa|3|9|9.24|
1512;maravilhoso|1|12|3.08|
1513;marcelino|1|6|3.08|
1514;marchiori|1|13|3.08|
1515;marco|1|8|3.08|
1516;marcos|1|9|3.08|
1517;maria|1|14|3.08|
1518;mariano|3|9|9.24|
1519;marido|1|9|2.67|1|12|2.67|
1520;marinha|1|8|3.08|
1521;marinho|1|2|3.08|
1522;mario|1|8|3.08|
1523;mark|1|9|3.08|
1524;marks|1|1|3.08|
1525;marqueteiros|2|5|5.35|1|9|2.67|
1526;marroquino|1|4|3.08|
1527;martelo|1|8|3.08|
1528;martin|4|5|12.32|
1529;martins|1|6|2.67|3|12|8.02|
1530;maruipe|1|12|3.08|
1531;mas|1|2|1.37|1|3|1.37|2|4|2.75|3|5|4.12|3|6|4.12|3|7|4.12|3|8|4.12|2|9|2.75|2|11|2.75|4|12|5.50|
1532;masculino|1|2|3.08|
1533;mata|1|10|3.08|
1534;matagais|1|11|3.08|
1535;matagal|2|11|6.16|
1536;matar|1|12|2.67|1|13|2.67|
1537;matei|1|8|3.08|
1538;material|1|2|3.08|
1539;mauro|1|6|3.08|
1540;max|1|6|3.08|
1541;maxima|1|2|3.08|
1542;maximiliano|2|2|6.16|
1543;mecanico|1|9|3.08|
1544;media|1|2|2.39|6|4|14.32|1|8|2.39|
1545;medica|1|2|2.67|1|4|2.67|
1546;medicina|1|2|3.08|
1547;medico|2|14|6.16|
1548;medida|1|6|3.08|
1549;medio|1|8|3.08|
1550;meio|1|1|2.39|1|2|2.39|1|9|2.39|
1551;melbourne|1|2|3.08|
1552;melgarejo|3|9|9.24|
1553;melhor|1|4|2.39|2|7|4.77|1|9|2.39|
1554;melhorar|1|6|3.08|
1555;melhores|1|8|3.08|
1556;membros|1|7|3.08|
1557;memoria|4|2|12.32|
1558;mendonca|1|9|3.08|
1559;menezes|1|3|3.08|
1560;menino|4|2|12.32|
1561;menores|1|11|3.08|
1562;menos|2|4|6.16|
1563;mensais|2|9|6.16|
1564;mentais|2|0|5.35|1|4|2.67|
1565;mental|1|4|3.08|
1566;mercado|1|9|3.08|
1567;mercosul|2|9|6.16|
1568;merece|1|5|2.67|1|9|2.67|
1569;mes|1|8|2.67|1|9|2.67|
1570;mesa|2|6|6.16|
1571;meses|1|2|3.08|
1572;mesma|2|12|6.16|
1573;mesmo|1|4|2.39|3|5|7.16|2|8|4.77|
1574;metade|1|3|2.67|1|9|2.67|
1575;metalurgicos|1|9|3.08|
1576;meter|1|8|3.08|
1577;metodos|1|2|2.67|1|4|2.67|
1578;metros|1|1|3.08|
1579;mexicano|1|2|3.08|
1580;mexico|1|2|2.39|3|4|7.16|1|9|2.39|
1581;mico|1|9|3.08|
1582;microfone|1|2|3.08|
1583;mil|1|2|1.83|1|3|1.83|1|4|1.83|1|6|1.83|1|8|1.83|1|9|1.83|
1584;milhao|2|8|6.16|
1585;milhares|1|4|3.08|
1586;milhoes|1|2|2.39|1|4|2.39|2|9|4.77|
1587;militar|1|12|3.08|
1588;militares|1|12|3.08|
1589;mimos|1|9|3.08|
1590;mineiro|1|3|3.08|
1591;minhas|1|5|3.08|
1592;minimo|1|4|3.08|
1593;ministerial|1|8|3.08|
1594;ministerio|1|2|2.39|1|3|2.39|3|12|7.16|
1595;ministerios|2|8|6.16|
1596;ministrar|1|14|3.08|
1597;ministro|2|8|5.35|1|9|2.67|
1598;ministrou|1|2|3.08|
1599;minutos|3|2|9.24|
1600;misseis|1|4|3.08|
1601;missil|3|4|9.24|
1602;missoes|1|12|3.08|
1603;moda|1|2|3.08|
1604;modificar|1|7|3.08|
1605;momento|1|2|2.67|1|12|2.67|
1606;montado|1|12|3.08|
1607;montar|1|6|3.08|
1608;montaram|1|4|3.08|
1609;monzar|1|8|3.08|
1610;morada|1|11|3.08|
1611;moradores|5|11|15.40|
1612;morales|3|9|9.24|
1613;morreram|1|3|3.08|
1614;morte|1|4|2.39|1|8|2.39|1|13|2.39|
1615;mortes|2|4|5.35|1|11|2.67|
1616;mortos|1|8|3.08|
1617;mostram|1|4|3.08|
1618;mostrando|1|5|3.08|
1619;mostraram|1|9|3.08|
1620;mostravam|1|1|2.67|1|4|2.67|
1621;mostrou|1|6|3.08|
1622;motim|1|9|3.08|
1623;motivo|1|12|3.08|
1624;motivos|1|6|3.08|
1625;motoboy|2|13|6.16|
1626;motocross|1|13|3.08|
1627;motoristas|1|1|3.08|
1628;movel|1|2|3.08|
1629;movimento|1|5|3.08|
1630;mucio|1|8|3.08|
1631;mudam|1|11|3.08|
1632;mudancas|1|2|3.08|
1633;mudar|1|6|3.08|
1634;muitas|1|2|3.08|
1635;muito|2|1|4.77|1|4|2.39|1|5|2.39|
1636;muitos|2|1|4.33|1|3|2.16|1|4|2.16|1|7|2.16|
1637;mula|1|9|3.08|
1638;muleta|1|5|3.08|
1639;mulher|1|4|2.67|1|12|2.67|
1640;mulheres|4|4|9.55|1|9|2.39|2|14|4.77|
1641;multidoes|1|2|3.08|
1642;mundial|1|2|2.67|1|4|2.67|
1643;mundo|1|2|2.67|2|9|5.35|
1644;municipio|1|12|3.08|
1645;municipios|1|2|3.08|
1646;musica|1|6|3.08|
1647;mutuamente|1|6|3.08|
1648;na|3|1|3.19|5|2|5.32|6|3|6.39|5|4|5.32|4|5|4.26|11|6|11.71|4|7|4.26|7|8|7.45|13|9|13.84|1|10|1.06|5|11|5.32|9|12|9.58|2|13|2.13|4|14|4.26|
1649;nacao|1|5|3.08|
1650;nacional|1|2|2.16|1|4|2.16|1|8|2.16|1|9|2.16|
1651;nacionalidade|1|5|3.08|
1652;nada|1|9|2.67|2|12|5.35|
1653;nao|7|2|9.01|2|3|2.58|6|4|7.73|7|5|9.01|4|6|5.15|2|7|2.58|5|8|6.44|7|9|9.01|1|11|1.29|10|12|12.88|3|14|3.86|
1654;nas|1|7|2.16|2|9|4.33|1|12|2.16|1|13|2.16|
1655;nasa|2|2|6.16|
1656;nascer|1|2|3.08|
1657;nascidas|1|2|3.08|
1658;nascimento|1|2|3.08|
1659;naturais|1|2|3.08|
1660;nature|1|2|3.08|
1661;naves|2|2|6.16|
1662;necessarias|1|2|3.08|
1663;necessario|1|2|3.08|
1664;necessarios|1|4|3.08|
1665;necessidades|1|7|3.08|
1666;negativos|1|2|3.08|
1667;negociadores|1|9|3.08|
1668;negocios|1|9|3.08|
1669;negra|2|5|6.16|
1670;negro|2|5|6.16|
1671;negros|2|5|6.16|
1672;nem|1|6|2.67|2|8|5.35|
1673;nenhum|1|11|3.08|
1674;nessa|1|4|3.08|
1675;nesse|1|5|3.08|
1676;nesses|1|4|3.08|
1677;nesta|1|2|3.08|
1678;neste|1|11|2.67|1|12|2.67|
1679;neuropsicologicas|1|2|3.08|
1680;neuropsicologicos|1|2|3.08|
1681;neuropsychologia|1|2|3.08|
1682;news|1|2|3.08|
1683;nicaragua|1|4|3.08|
1684;nicotina|2|8|6.16|
1685;ninguem|1|5|2.67|1|8|2.67|
1686;no|3|1|3.62|9|2|10.87|7|3|8.45|12|4|14.49|3|5|3.62|1|7|1.21|4|8|4.83|12|9|14.49|1|11|1.21|8|12|9.66|4|13|4.83|1|14|1.21|
1687;noite|3|4|6.49|1|9|2.16|1|11|2.16|1|14|2.16|
1688;nome|1|5|2.16|1|9|2.16|1|11|2.16|1|12|2.16|
1689;nomeacao|1|8|3.08|
1690;nomeado|1|9|3.08|
1691;nomes|1|6|3.08|
1692;normal|1|2|2.67|1|12|2.67|
1693;normalmente|1|2|3.08|
1694;norte|1|1|3.08|
1695;nos|2|4|3.96|1|6|1.98|2|8|3.96|2|9|3.96|2|11|3.96|
1696;nosso|1|5|2.67|3|9|8.02|
1697;nossos|1|2|3.08|
1698;nota|1|2|2.67|2|5|5.35|
1699;noticioso|1|2|3.08|
1700;nova|1|2|2.39|1|4|2.39|1|8|2.39|
1701;novamente|1|2|3.08|
1702;nove|1|4|2.39|1|9|2.39|2|12|4.77|
1703;noventa|1|9|3.08|
1704;novo|2|4|5.35|1|9|2.67|
1705;novos|1|2|3.08|
1706;nuclear|1|0|3.08|
1707;nucleo|1|11|3.08|
1708;num|2|4|4.33|2|5|4.33|1|9|2.16|1|11|2.16|
1709;numa|2|2|4.33|2|5|4.33|1|12|2.16|1|14|2.16|
1710;numero|4|3|9.55|2|4|4.77|1|12|2.39|
1711;numeros|1|4|2.67|1|6|2.67|
1712;nunca|1|5|3.08|
1713;nuroc|1|11|3.08|
1714;nuvens|3|2|9.24|
1715;o|2|0|2.13|12|1|12.77|28|2|29.81|11|3|11.71|25|4|26.61|19|5|20.23|18|6|19.16|11|7|11.71|39|8|41.52|36|9|38.32|10|11|10.65|38|12|40.45|3|13|3.19|11|14|11.71|
1716;obesas|1|4|3.08|
1717;obra|2|2|6.16|
1718;obrigacao|1|9|3.08|
1719;obrigado|1|5|3.08|
1720;observado|1|2|2.67|1|4|2.67|
1721;observados|1|4|3.08|
1722;observar|1|2|3.08|
1723;observatorio|1|2|3.08|
1724;observou|2|7|6.16|
1725;ocasiao|1|11|3.08|
1726;oceano|1|2|3.08|
1727;oco|1|2|3.08|
1728;ocorreu|1|9|3.08|
1729;ocorrida|1|9|3.08|
1730;ocorrido|1|8|3.08|
1731;ocorridos|1|11|3.08|
1732;ocupacao|1|3|3.08|
1733;ocupar|1|8|3.08|
1734;ocupe|1|5|3.08|
1735;oferece|1|8|3.08|
1736;oferecida|1|6|3.08|
1737;oficiais|1|3|2.67|1|4|2.67|
1738;oficial|1|6|3.08|
1739;oficialmente|1|3|3.08|
1740;ogiva|1|4|3.08|
1741;oito|1|4|3.08|
1742;olhos|1|8|3.08|
1743;oliveira|1|8|3.08|
1744;olivier|1|1|3.08|
1745;oms|1|4|3.08|
1746;onde|1|1|2.16|1|4|2.16|3|5|6.49|2|9|4.33|
1747;onibus|2|11|6.16|
1748;online|1|2|3.08|
1749;ontem|1|0|1.29|1|1|1.29|3|2|3.86|2|3|2.58|3|4|3.86|1|7|1.29|1|8|1.29|1|11|1.29|6|12|7.73|1|13|1.29|1|14|1.29|
1750;opcao|1|6|2.67|1|8|2.67|
1751;operacional|1|11|3.08|
1752;operacoes|1|11|3.08|
1753;oportuno|1|12|3.08|
1754;opositores|1|0|3.08|
1755;organizacao|1|2|2.67|1|4|2.67|
1756;organizacoes|1|11|3.08|
1757;orgao|2|2|6.16|
1758;orientados|1|14|3.08|
1759;os|1|0|1.06|2|1|2.13|15|2|15.97|4|3|4.26|12|4|12.77|4|5|4.26|2|6|2.13|6|7|6.39|5|8|5.32|12|9|12.77|4|11|4.26|11|12|11.71|1|13|1.06|7|14|7.45|
1760;osteoporose|2|2|6.16|
1761;ou|3|2|5.48|7|4|12.79|3|5|5.48|2|8|3.65|4|9|7.31|2|12|3.65|
1762;outra|1|4|2.39|1|5|2.39|1|6|2.39|
1763;outras|2|12|6.16|
1764;outro|1|6|2.67|1|8|2.67|
1765;outros|1|0|1.98|1|1|1.98|1|2|1.98|2|5|3.96|1|9|1.98|
1766;ouvidas|3|12|9.24|
1767;ouvidos|1|6|3.08|
1768;ouvir|1|8|3.08|
1769;paciente|1|4|3.08|
1770;padarias|1|11|3.08|
1771;paes|1|8|3.08|
1772;pagamento|1|14|3.08|
1773;pagar|1|14|3.08|
1774;pagara|1|9|3.08|
1775;pagina|1|5|3.08|
1776;pais|1|0|1.69|1|2|1.69|5|3|8.47|1|5|1.69|1|8|1.69|2|9|3.39|1|12|1.69|
1777;paises|1|3|2.67|2|4|5.35|
1778;palavras|2|5|5.35|1|9|2.67|
1779;palestra|1|14|3.08|
1780;palmerston|1|9|3.08|
1781;papel|1|2|2.67|2|9|5.35|
1782;papeleiros|1|9|3.08|
1783;papo|1|2|2.67|1|8|2.67|
1784;para|4|1|4.83|15|2|18.11|4|3|4.83|8|4|9.66|4|5|4.83|14|6|16.91|4|7|4.83|10|8|12.08|8|9|9.66|7|11|8.45|5|12|6.04|8|14|9.66|
1785;paraguai|1|4|3.08|
1786;paraiba|1|8|3.08|
1787;pararam|1|3|3.08|
1788;parcialmente|1|1|3.08|
1789;parecia|1|1|2.67|1|9|2.67|
1790;paredes|1|4|3.08|
1791;paris|1|1|3.08|
1792;parlamentar|1|7|3.08|
1793;parmalat|1|8|3.08|
1794;parque|2|2|6.16|
1795;parte|1|3|3.08|
1796;participacao|1|6|2.67|1|11|2.67|
1797;participantes|2|4|6.16|
1798;participar|1|11|3.08|
1799;particular|1|4|3.08|
1800;partido|1|5|2.67|2|8|5.35|
1801;partidos|1|6|3.08|
1802;partilhada|1|4|3.08|
1803;partindo|1|1|3.08|
1804;partir|1|9|3.08|
1805;parto|1|2|2.67|2|4|5.35|
1806;partos|4|4|12.32|
1807;pasqualini|3|4|9.24|
1808;passa|1|2|2.67|1|12|2.67|
1809;passada|1|9|2.67|1|11|2.67|
1810;passado|1|2|2.67|1|3|2.67|
1811;passageiro|1|1|3.08|
1812;passageiros|3|1|9.24|
1813;passar|1|2|2.67|1|8|2.67|
1814;passaram|1|12|3.08|
1815;passasse|1|2|3.08|
1816;passo|1|4|2.67|1|12|2.67|
1817;passou|1|3|2.39|1|9|2.39|1|14|2.39|
1818;pastor|1|5|3.08|
1819;patrimonial|1|13|3.08|
1820;paula|1|11|3.08|
1821;paulista|1|9|3.08|
1822;paulistas|1|9|3.08|
1823;paulo|5|6|13.37|2|8|5.35|
1824;pauta|1|6|2.67|1|7|2.67|
1825;paz|1|2|2.67|2|9|5.35|
1826;pdt|3|6|9.24|
1827;pe|1|2|2.39|1|5|2.39|3|8|7.16|
1828;pearson|1|1|3.08|
1829;peca|2|5|6.16|
1830;pedido|1|3|2.39|2|7|4.77|1|8|2.39|
1831;pedindo|1|6|3.08|
1832;pedir|1|9|3.08|
1833;pediu|1|8|2.39|1|9|2.39|1|14|2.39|
1834;pedro|2|8|6.16|
1835;pega|1|1|3.08|
1836;pegos|1|11|3.08|
1837;pegou|2|1|6.16|
1838;pela|2|2|2.75|1|3|1.37|2|4|2.75|5|5|6.87|1|7|1.37|2|8|2.75|3|9|4.12|1|11|1.37|1|12|1.37|2|14|2.75|
1839;pele|2|5|6.16|
1840;pelo|4|2|5.88|1|3|1.47|1|4|1.47|2|5|2.94|2|6|2.94|6|8|8.82|6|9|8.82|3|12|4.41|1|13|1.47|
1841;pelos|1|4|3.08|
1842;pena|1|9|3.08|
1843;penais|5|7|15.40|
1844;pensando|1|8|3.08|
1845;pensao|3|9|9.24|
1846;pensar|1|8|3.08|
1847;pequena|1|4|3.08|
1848;pequenas|1|5|3.08|
1849;pequenos|1|11|3.08|
1850;percentual|1|3|3.08|
1851;percepcao|1|9|3.08|
1852;perdendo|1|2|3.08|
1853;perdeu|1|9|3.08|
1854;pereira|1|13|3.08|
1855;perfurar|1|4|3.08|
1856;perguntas|1|2|3.08|
1857;periodico|1|4|3.08|
1858;periodo|1|4|3.08|
1859;permaneceram|1|12|3.08|
1860;permanentemente|1|2|3.08|
1861;permitam|1|2|3.08|
1862;permitirao|1|2|3.08|
1863;pernambucano|1|8|2.67|1|9|2.67|
1864;pernambuco|1|8|3.08|
1865;persuasao|1|9|3.08|
1866;perto|2|1|5.35|1|4|2.67|
1867;peru|1|4|3.08|
1868;peso|4|4|12.32|
1869;pesquisa|1|2|2.39|4|4|9.55|1|6|2.39|
1870;pesquisador|1|2|3.08|
1871;pesquisadores|5|2|13.37|2|4|5.35|
1872;pesquisas|2|2|6.16|
1873;pesquisistas|1|9|3.08|
1874;pessoa|1|2|2.67|1|12|2.67|
1875;pessoal|1|4|2.16|1|8|2.16|1|9|2.16|1|12|2.16|
1876;pessoalmente|1|8|3.08|
1877;pessoas|1|1|1.83|1|3|1.83|1|4|1.83|1|5|1.83|1|10|1.83|2|14|3.65|
1878;petrobras|3|9|9.24|
1879;petrocabios|1|9|3.08|
1880;petrodiplomatas|1|9|3.08|
1881;petroduto|2|9|6.16|
1882;petroleo|3|9|9.24|
1883;pfl|1|8|3.08|
1884;piloto|2|8|5.35|2|13|5.35|
1885;pilula|1|2|3.08|
1886;pior|1|8|3.08|
1887;pista|5|1|15.40|
1888;pitoresco|1|9|3.08|
1889;pittsburgh|1|4|3.08|
1890;planalto|1|9|3.08|
1891;planeja|1|8|3.08|
1892;planejamento|1|2|3.08|
1893;pleitos|1|9|3.08|
1894;plenario|1|6|2.39|1|7|2.39|1|8|2.39|
1895;pleno|1|6|3.08|
1896;pm|1|9|2.39|2|11|4.77|1|12|2.39|
1897;pmdb|6|6|16.04|1|8|2.67|
1898;pobre|1|9|3.08|
1899;pode|2|1|3.39|3|2|5.08|2|4|3.39|2|5|3.39|1|7|1.69|3|9|5.08|2|12|3.39|
1900;podem|3|2|8.02|1|4|2.67|
1901;poder|1|2|2.16|1|7|2.16|1|8|2.16|1|9|2.16|
1902;podera|1|6|2.67|1|7|2.67|
1903;poderia|1|2|2.39|2|4|4.77|1|7|2.39|
1904;poderosas|1|9|3.08|
1905;poderoso|1|8|3.08|
1906;podia|1|12|3.08|
1907;pois|1|6|3.08|
1908;policia|1|3|1.98|2|11|3.96|2|12|3.96|1|13|1.98|1|14|1.98|
1909;policiais|1|6|2.16|2|11|4.33|2|12|4.33|1|13|2.16|
1910;policial|1|8|2.67|6|12|16.04|
1911;politica|2|9|6.16|
1912;politicas|2|5|6.16|
1913;politicos|1|8|3.08|
1914;polonia|1|3|3.08|
1915;ponderacoes|1|9|3.08|
1916;pontuacao|1|6|3.08|
1917;popular|1|12|3.08|
1918;por|2|1|2.58|1|2|1.29|1|3|1.29|8|4|10.30|3|5|3.86|3|7|3.86|4|8|5.15|4|9|5.15|3|11|3.86|3|12|3.86|2|14|2.58|
1919;porem|1|7|3.08|
1920;porque|2|2|4.77|1|3|2.39|3|9|7.16|
1921;porta|1|1|3.08|
1922;portal|1|8|3.08|
1923;portaria|1|2|3.08|
1924;porte|1|6|3.08|
1925;porto|1|8|3.08|
1926;portugues|2|8|6.16|
1927;pos|2|4|6.16|
1928;possa|1|2|3.08|
1929;posse|1|14|3.08|
1930;possibilitaria|1|4|3.08|
1931;possiveis|1|7|3.08|
1932;possivel|2|2|5.35|1|4|2.67|
1933;posto|1|8|3.08|
1934;potencial|1|6|3.08|
1935;pouco|3|4|8.02|2|8|5.35|
1936;pousar|1|8|3.08|
1937;pousou|1|8|3.08|
1938;povo|1|5|2.67|1|9|2.67|
1939;povos|1|9|3.08|
1940;pp|2|8|6.16|
1941;pps|1|6|3.08|
1942;prateleiras|1|8|3.08|
1943;pratica|1|11|3.08|
1944;praticam|1|11|3.08|
1945;prazo|1|6|2.67|1|12|2.67|
1946;precisa|2|2|5.35|1|6|2.67|
1947;precisos|1|4|3.08|
1948;preco|1|9|3.08|
1949;predios|1|4|3.08|
1950;preencheram|1|6|3.08|
1951;preenchidas|1|7|3.08|
1952;prefeito|2|6|6.16|
1953;preferenciais|1|5|3.08|
1954;preferencias|1|5|3.08|
1955;prejudicar|1|2|3.08|
1956;prejuizos|1|2|3.08|
1957;prenderam|1|13|3.08|
1958;prendeu|1|2|3.08|
1959;preocupacoes|1|9|3.08|
1960;preocupada|1|8|3.08|
1961;prepara|1|2|3.08|
1962;presbitero|1|14|3.08|
1963;presentinhos|1|9|3.08|
1964;presidencia|1|6|2.67|3|9|8.02|
1965;presidente|1|0|1.98|1|6|1.98|2|7|3.96|6|8|11.88|2|9|3.96|
1966;presidio|1|7|3.08|
1967;preso|1|8|1.98|1|9|1.98|3|11|5.94|1|12|1.98|1|13|1.98|
1968;pressao|2|6|6.16|
1969;presta|1|11|3.08|
1970;prestados|2|12|6.16|
1971;prestaram|1|12|3.08|
1972;prestou|1|12|3.08|
1973;preta|1|12|3.08|
1974;pretensao|1|9|3.08|
1975;pretti|1|12|3.08|
1976;preve|2|7|6.16|
1977;previdencia|1|8|3.08|
1978;previo|1|3|3.08|
1979;previstas|1|7|3.08|
1980;primeira|1|2|1.98|1|5|1.98|1|6|1.98|1|12|1.98|2|14|3.96|
1981;primeiro|1|4|2.16|1|9|2.16|2|12|4.33|1|14|2.16|
1982;primeiros|1|4|3.08|
1983;principais|1|2|3.08|
1984;principal|1|9|3.08|
1985;principalmente|1|11|3.08|
1986;principio|1|4|3.08|
1987;prisao|1|13|3.08|
1988;priscilla|1|12|3.08|
1989;prisoes|1|13|3.08|
1990;privados|3|4|9.24|
1991;privataria|1|9|3.08|
1992;privilegiada|1|2|3.08|
1993;problema|1|5|2.67|1|8|2.67|
1994;problemas|2|0|6.16|
1995;procedessem|1|5|3.08|
1996;procedimento|1|4|2.67|1|14|2.67|
1997;processo|1|9|2.39|7|12|16.70|1|14|2.39|
1998;procura|1|3|3.08|
1999;prodigiosa|1|2|3.08|
2000;produtos|1|2|3.08|
2001;produzem|1|4|3.08|
2002;professor|1|2|2.39|2|5|4.77|1|8|2.39|
2003;programa|1|0|3.08|
2004;progresso|1|0|3.08|
2005;proibe|1|6|3.08|
2006;projeto|1|2|2.39|1|6|2.39|6|7|14.32|
2007;prolongada|1|4|3.08|
2008;prolongado|2|2|6.16|
2009;promessa|1|6|3.08|
2010;promotor|1|12|3.08|
2011;propaganda|1|5|3.08|
2012;proposition|4|5|12.32|
2013;proposta|1|5|2.16|3|7|6.49|1|8|2.16|1|14|2.16|
2014;propostas|1|5|3.08|
2015;propria|1|3|3.08|
2016;propriedade|1|2|2.67|1|11|2.67|
2017;prostata|2|4|6.16|
2018;protestou|1|5|3.08|
2019;prova|1|4|3.08|
2020;provas|1|5|3.08|
2021;provavelmente|1|2|2.67|1|9|2.67|
2022;proveniente|2|2|6.16|
2023;provenientes|1|2|3.08|
2024;provisoriamente|1|6|3.08|
2025;provocando|1|1|3.08|
2026;proxima|1|2|2.67|1|6|2.67|
2027;proximo|1|4|2.67|1|13|2.67|
2028;proximos|1|9|3.08|
2029;psb|1|6|2.67|1|8|2.67|
2030;psdb|1|7|2.39|1|8|2.39|1|9|2.39|
2031;psicologicos|1|0|3.08|
2032;psol|1|7|3.08|
2033;pt|2|8|6.16|
2034;ptb|3|8|9.24|
2035;publica|1|7|3.08|
2036;publicacao|1|2|3.08|
2037;publicada|1|2|3.08|
2038;publicado|1|2|2.67|3|4|8.02|
2039;publico|1|2|2.67|3|12|8.02|
2040;publicos|3|4|7.16|1|5|2.39|1|8|2.39|
2041;puderam|1|12|3.08|
2042;pudor|1|8|3.08|
2043;qg|1|9|3.08|
2044;quadrilha|1|11|2.67|1|13|2.67|
2045;quadros|1|8|3.08|
2046;quais|1|6|3.08|
2047;qual|2|5|4.33|1|6|2.16|5|9|10.82|1|14|2.16|
2048;qualidade|1|2|3.08|
2049;qualquer|1|4|2.39|1|8|2.39|1|12|2.39|
2050;quando|3|1|4.12|1|2|1.37|2|3|2.75|1|4|1.37|1|5|1.37|1|6|1.37|1|8|1.37|6|9|8.25|1|11|1.37|3|12|4.12|
2051;quantidade|1|4|3.08|
2052;quarta|4|6|10.70|1|14|2.67|
2053;quartel|2|12|6.16|
2054;quase|1|5|3.08|
2055;quatro|1|2|1.98|1|4|1.98|1|5|1.98|1|7|1.98|1|9|1.98|
2056;que|1|0|1.06|9|1|9.58|23|2|24.48|7|3|7.45|24|4|25.55|23|5|24.48|12|6|12.77|11|7|11.71|15|8|15.97|20|9|21.29|7|11|7.45|20|12|21.29|2|13|2.13|8|14|8.52|
2057;quebra|2|6|6.16|
2058;quebrou|1|2|3.08|
2059;quem|1|0|1.98|1|2|1.98|1|6|1.98|1|9|1.98|1|12|1.98|
2060;quer|1|2|2.39|1|4|2.39|2|8|4.77|
2061;querem|1|3|2.39|1|7|2.39|2|8|4.77|
2062;queria|1|8|3.08|
2063;quilometros|1|6|2.67|1|9|2.67|
2064;quilos|1|4|3.08|
2065;quimera|2|4|6.16|
2066;quimioterapia|1|4|3.08|
2067;quis|1|9|3.08|
2068;quiser|1|9|3.08|
2069;r|1|2|2.16|2|8|4.33|6|9|12.98|3|14|6.49|
2070;raca|2|5|5.35|1|9|2.67|
2071;racial|2|5|6.16|
2072;radiacao|5|2|15.40|
2073;radiologista|1|8|3.08|
2074;radiopatrulha|3|12|9.24|
2075;rainha|3|9|9.24|
2076;raio|2|1|6.16|
2077;raios|2|1|6.16|
2078;ramificacoes|1|9|3.08|
2079;ramo|1|13|3.08|
2080;rampas|1|1|3.08|
2081;rancho|1|9|3.08|
2082;ranking|1|3|3.08|
2083;rapida|1|8|3.08|
2084;rapidas|2|2|6.16|
2085;ratinhos|1|2|3.08|
2086;ratos|1|2|3.08|
2087;reabriram|1|6|3.08|
2088;reacao|1|2|3.08|
2089;reacoes|2|2|6.16|
2090;reagir|1|13|3.08|
2091;realiza|1|6|3.08|
2092;realizacao|1|8|3.08|
2093;realizada|1|2|2.39|1|4|2.39|1|7|2.39|
2094;realizadas|1|4|3.08|
2095;realizado|3|4|9.24|
2096;realizados|2|4|6.16|
2097;realizar|1|2|3.08|
2098;realmente|1|1|3.08|
2099;rebeca|1|9|3.08|
2100;rebecca|2|9|6.16|
2101;recebe|2|8|5.35|1|9|2.67|
2102;recebera|1|9|3.08|
2103;recebeu|1|6|3.08|
2104;receita|1|5|3.08|
2105;recentes|1|4|3.08|
2106;recifes|1|2|3.08|
2107;reciprocidade|1|8|3.08|
2108;recitava|1|2|3.08|
2109;reclama|1|8|3.08|
2110;reconstruir|1|8|3.08|
2111;recordar|1|9|3.08|
2112;recorde|1|2|3.08|
2113;recuperar|1|8|3.08|
2114;recursos|1|2|3.08|
2115;recusasse|1|8|3.08|
2116;recusou|1|5|2.67|1|9|2.67|
2117;redatores|1|5|3.08|
2118;rede|1|4|3.08|
2119;reduzido|1|6|3.08|
2120;reeleger|1|9|3.08|
2121;reeleicao|2|6|6.16|
2122;referencia|1|8|3.08|
2123;referentes|1|6|3.08|
2124;reforma|1|8|3.08|
2125;regiao|1|2|2.16|1|4|2.16|3|11|6.49|1|13|2.16|
2126;registrou|1|6|3.08|
2127;reich|1|9|3.08|
2128;reims|1|9|3.08|
2129;reino|3|3|9.24|
2130;relacao|1|3|2.67|2|4|5.35|
2131;relacionando|1|2|3.08|
2132;relacoes|1|9|3.08|
2133;relatou|1|12|3.08|
2134;remuneracao|1|9|3.08|
2135;renata|1|4|3.08|
2136;renato|1|6|2.67|1|13|2.67|
2137;renegociacao|1|9|3.08|
2138;renovaveis|1|2|3.08|
2139;reorganizacao|1|7|3.08|
2140;repente|2|1|6.16|
2141;representante|1|9|3.08|
2142;representantes|2|7|6.16|
2143;representava|1|14|3.08|
2144;repressao|1|11|3.08|
2145;reproducao|1|2|3.08|
2146;republica|1|6|2.67|2|9|5.35|
2147;republicano|1|5|3.08|
2148;republicanos|1|5|3.08|
2149;requererem|1|12|3.08|
2150;reserva|2|12|6.16|
2151;reservado|1|11|3.08|
2152;reservas|1|9|3.08|
2153;resgatar|1|8|3.08|
2154;resgate|1|8|3.08|
2155;residente|1|2|3.08|
2156;respeito|1|12|3.08|
2157;responde|1|4|3.08|
2158;respondendo|1|4|3.08|
2159;responsavel|1|13|3.08|
2160;resposta|1|2|3.08|
2161;respostas|1|9|3.08|
2162;ressonancias|1|2|3.08|
2163;restaurantes|1|5|3.08|
2164;restingas|1|2|3.08|
2165;retardar|2|4|6.16|
2166;reuniao|1|8|3.08|
2167;revelaram|1|2|3.08|
2168;reverendo|2|5|6.16|
2169;reversores|1|1|3.08|
2170;revertidos|1|2|3.08|
2171;revestem|1|2|3.08|
2172;revirando|1|6|3.08|
2173;revista|1|2|2.67|1|4|2.67|
2174;ricardo|5|12|15.40|
2175;ridiculo|1|9|3.08|
2176;rigidos|1|3|3.08|
2177;rio|1|2|3.08|
2178;risco|3|4|8.02|2|9|5.35|
2179;riscos|1|2|2.67|1|4|2.67|
2180;riscou|1|9|3.08|
2181;rj|1|8|3.08|
2182;ro|1|8|3.08|
2183;robalinho|1|8|3.08|
2184;roberto|1|2|2.67|1|8|2.67|
2185;rocha|1|6|3.08|
2186;rodovia|3|1|9.24|
2187;roma|1|8|3.08|
2188;romero|2|13|6.16|
2189;ronda|1|6|3.08|
2190;rondonia|1|8|3.08|
2191;rosto|2|4|5.35|1|12|2.67|
2192;roubei|1|8|3.08|
2193;roubo|1|13|3.08|
2194;roubos|1|11|3.08|
2195;roupa|1|9|3.08|
2196;rugas|2|4|6.16|
2197;rumo|1|12|3.08|
2198;russos|1|9|3.08|
2199;sabendo|1|8|3.08|
2200;saber|1|4|2.16|1|6|2.16|1|9|2.16|1|12|2.16|
2201;sabiam|1|9|3.08|
2202;saias|1|9|3.08|
2203;saida|1|3|3.08|
2204;saindo|1|1|3.08|
2205;sair|1|8|2.67|1|12|2.67|
2206;saiu|2|1|5.35|1|4|2.67|
2207;sala|1|12|2.67|1|14|2.67|
2208;salao|1|8|3.08|
2209;salario|1|14|3.08|
2210;salienta|1|2|3.08|
2211;salto|1|3|3.08|
2212;saltos|1|9|3.08|
2213;san|1|4|3.08|
2214;sanduiche|1|5|3.08|
2215;sanguineo|1|4|3.08|
2216;santa|1|6|2.67|1|11|2.67|
2217;santo|1|7|3.08|
2218;santos|1|13|3.08|
2219;sao|2|0|2.94|2|2|2.94|1|3|1.47|2|4|2.94|2|8|2.94|4|9|5.88|3|11|4.41|2|12|2.94|2|14|2.94|
2220;satelite|1|2|3.08|
2221;satelites|3|2|9.24|
2222;saude|2|2|4.33|2|4|4.33|1|6|2.16|1|8|2.16|
2223;se|2|1|2.58|8|2|10.30|2|3|2.58|8|4|10.30|5|5|6.44|3|6|3.86|2|8|2.58|13|9|16.74|1|11|1.29|2|12|2.58|2|14|2.58|
2224;seara|1|6|3.08|
2225;secretaria|1|2|2.39|1|8|2.39|1|14|2.39|
2226;secretario|1|6|2.67|1|8|2.67|
2227;seculo|2|9|6.16|
2228;segredo|2|12|6.16|
2229;segue|1|6|3.08|
2230;seguia|1|1|3.08|
2231;seguido|1|9|3.08|
2232;seguinte|1|5|2.67|1|9|2.67|
2233;seguiram|1|14|3.08|
2234;segunda|1|9|3.08|
2235;segundo|1|1|1.69|4|2|6.77|2|3|3.39|4|4|6.77|3|9|5.08|2|11|3.39|1|12|1.69|
2236;seguranca|1|6|2.39|1|8|2.39|1|12|2.39|
2237;seis|2|2|4.33|2|4|4.33|1|8|2.16|1|12|2.16|
2238;sela|1|9|3.08|
2239;selecao|2|14|6.16|
2240;selecionar|1|14|3.08|
2241;selecionou|1|4|3.08|
2242;sem|1|1|1.83|1|3|1.83|1|5|1.83|2|8|3.65|1|9|1.83|1|13|1.83|
2243;semana|1|2|2.39|1|9|2.39|1|11|2.39|
2244;semanas|1|4|3.08|
2245;sempre|1|6|3.08|
2246;senado|5|6|15.40|
2247;senador|1|6|2.67|1|8|2.67|
2248;sendo|1|2|2.39|1|3|2.39|1|8|2.39|
2249;senhora|1|5|3.08|
2250;sensacoes|1|4|3.08|
2251;sentira|1|8|3.08|
2252;sentiu|1|4|3.08|
2253;ser|3|2|4.73|1|3|1.58|2|4|3.15|1|5|1.58|3|7|4.73|1|9|1.58|1|11|1.58|1|12|1.58|
2254;sera|2|2|3.96|1|4|1.98|1|8|1.98|1|9|1.98|2|12|3.96|
2255;serao|1|4|2.16|1|5|2.16|1|6|2.16|3|12|6.49|
2256;serei|1|12|3.08|
2257;serem|1|11|3.08|
2258;sergio|5|12|15.40|
2259;seria|1|5|2.39|1|9|2.39|2|14|4.77|
2260;seriam|2|2|5.35|1|5|2.67|
2261;serie|2|2|6.16|
2262;servente|1|14|3.08|
2263;servico|1|2|2.67|2|11|5.35|
2264;servidores|1|7|3.08|
2265;sessao|1|6|3.08|
2266;sessoes|1|8|3.08|
2267;sete|1|2|2.16|2|4|4.33|1|12|2.16|3|14|6.49|
2268;setembro|1|3|3.08|
2269;seu|1|0|1.58|1|2|1.58|1|4|1.58|5|5|7.88|1|8|1.58|1|9|1.58|1|11|1.58|1|12|1.58|
2270;seus|2|4|4.33|1|5|2.16|1|8|2.16|2|9|4.33|
2271;sexta|1|6|3.08|
2272;sido|1|1|2.67|1|9|2.67|
2273;signatario|1|9|3.08|
2274;silva|2|8|5.35|1|9|2.67|
2275;simbolo|1|3|2.67|1|8|2.67|
2276;similares|1|5|3.08|
2277;simples|1|2|3.08|
2278;sinais|2|4|6.16|
2279;sinal|1|6|3.08|
2280;sinalizando|1|6|3.08|
2281;sindicalistas|1|7|3.08|
2282;sindicato|1|7|2.67|1|9|2.67|
2283;sintomas|3|4|9.24|
2284;sistema|1|4|2.67|1|7|2.67|
2285;sistemas|1|4|3.08|
2286;site|1|8|3.08|
2287;situacao|1|3|2.67|1|6|2.67|
2288;so|3|4|6.49|1|7|2.16|3|8|6.49|1|9|2.16|
2289;soaram|1|6|3.08|
2290;soares|1|8|3.08|
2291;sobra|1|5|3.08|
2292;sobre|4|2|6.77|1|3|1.69|5|4|8.47|1|6|1.69|2|7|3.39|2|8|3.39|4|12|6.77|
2293;social|1|8|3.08|
2294;society|1|4|3.08|
2295;socorridos|1|1|3.08|
2296;sofre|1|0|2.39|1|4|2.39|1|12|2.39|
2297;sofrem|1|0|3.08|
2298;sofrer|1|4|3.08|
2299;solicitado|1|8|3.08|
2300;solo|1|3|3.08|
2301;somente|1|12|3.08|
2302;sonha|1|8|3.08|
2303;sonhar|1|5|3.08|
2304;sonho|4|5|12.32|
2305;sonhos|1|8|3.08|
2306;sono|2|4|6.16|
2307;sosia|1|9|3.08|
2308;souza|3|12|9.24|
2309;sp|2|8|6.16|
2310;stough|3|2|9.24|
2311;sua|1|2|1.83|1|4|1.83|3|5|5.48|3|6|5.48|1|8|1.83|5|9|9.13|
2312;suas|1|4|2.39|1|5|2.39|1|9|2.39|
2313;subiram|1|4|3.08|
2314;subita|1|8|3.08|
2315;subnitrato|1|8|3.08|
2316;subnitratos|1|8|3.08|
2317;substancia|1|4|3.08|
2318;substancias|1|4|2.67|1|8|2.67|
2319;substituida|1|8|3.08|
2320;substituido|1|8|3.08|
2321;suco|1|6|3.08|
2322;suficiencia|1|9|3.08|
2323;suficientes|2|2|6.16|
2324;sugere|2|2|6.16|
2325;sugerem|1|5|3.08|
2326;suica|1|9|3.08|
2327;suicidio|1|2|3.08|
2328;suisse|1|9|3.08|
2329;sujeito|1|5|3.08|
2330;sul|2|2|4.77|1|3|2.39|1|13|2.39|
2331;sumario|7|12|21.56|
2332;sumarios|3|12|9.24|
2333;sumindo|1|8|3.08|
2334;sumiu|1|9|3.08|
2335;superar|1|6|3.08|
2336;superpoderes|1|9|3.08|
2337;suplencia|1|6|3.08|
2338;suprimiram|1|5|3.08|
2339;suspeito|1|8|2.67|2|11|5.35|
2340;suspeitos|1|8|3.08|
2341;suspende|1|7|3.08|
2342;suspender|1|7|3.08|
2343;suspendia|1|2|3.08|
2344;sustentando|1|5|3.08|
2345;sustentar|1|2|3.08|
2346;sustentava|1|5|3.08|
2347;sutil|1|4|3.08|
2348;sutis|1|4|3.08|
2349;swinburne|1|2|3.08|
2350;tabela|1|3|3.08|
2351;tabuleiro|1|6|3.08|
2352;tais|1|8|3.08|
2353;tam|3|14|9.24|
2354;tamanho|1|9|3.08|
2355;tambem|1|3|1.69|3|4|5.08|1|5|1.69|1|8|1.69|1|11|1.69|1|12|1.69|1|13|1.69|
2356;tampou|1|12|3.08|
2357;tampouco|1|8|3.08|
2358;tango|1|8|3.08|
2359;tao|1|4|3.08|
2360;tarde|1|11|3.08|
2361;taxa|2|4|6.16|
2362;taxas|1|14|3.08|
2363;taxis|1|14|3.08|
2364;tecnologia|2|2|4.77|1|4|2.39|1|8|2.39|
2365;teera|1|0|3.08|
2366;telefonava|1|9|3.08|
2367;telefones|1|2|3.08|
2368;telefonia|1|2|3.08|
2369;telescopio|1|2|3.08|
2370;televisao|1|5|2.67|1|6|2.67|
2371;tem|1|2|1.69|1|3|1.69|2|4|3.39|1|8|1.69|2|9|3.39|1|11|1.69|1|12|1.69|
2372;temores|1|2|3.08|
2373;temos|1|7|3.08|
2374;tempero|1|5|3.08|
2375;tempestade|2|1|6.16|
2376;tempo|1|2|2.39|2|6|4.77|1|7|2.39|
2377;temporada|1|6|3.08|
2378;tempos|1|8|3.08|
2379;tendencia|1|3|3.08|
2380;tendo|1|6|3.08|
2381;tenha|1|2|2.67|1|4|2.67|
2382;tenhamos|1|4|3.08|
2383;tenho|1|5|2.67|1|12|2.67|
2384;tensa|1|8|3.08|
2385;tentar|1|7|3.08|
2386;tentarem|1|3|3.08|
2387;tentou|1|8|3.08|
2388;teor|1|12|3.08|
2389;ter|2|1|4.77|3|9|7.16|1|11|2.39|
2390;tera|1|6|3.08|
2391;teragnostico|1|4|3.08|
2392;terao|1|12|3.08|
2393;terapia|3|4|9.24|
2394;terca|1|9|3.08|
2395;terco|1|4|2.67|3|12|8.02|
2396;teremos|1|6|3.08|
2397;teria|1|8|3.08|
2398;teriam|1|14|3.08|
2399;termo|1|8|3.08|
2400;terno|1|12|3.08|
2401;terra|1|2|2.67|7|11|18.72|
2402;terrestre|1|2|3.08|
2403;territorio|1|8|3.08|
2404;terrorista|1|3|3.08|
2405;terroristas|1|3|3.08|
2406;testada|1|4|3.08|
2407;testados|1|2|3.08|
2408;teste|1|4|3.08|
2409;testemunha|1|12|3.08|
2410;testemunhas|1|1|2.67|9|12|24.07|
2411;testes|2|2|5.35|1|14|2.67|
2412;teve|1|3|2.67|1|9|2.67|
2413;texas|2|4|6.16|
2414;the|1|2|2.67|1|4|2.67|
2415;thomas|1|5|3.08|
2416;thoracic|1|4|3.08|
2417;tijolos|1|9|3.08|
2418;tinha|1|9|3.08|
2419;tinham|1|5|3.08|
2420;tipo|1|14|3.08|
2421;tira|1|2|3.08|
2422;tirar|1|6|2.67|1|14|2.67|
2423;tirassem|1|9|3.08|
2424;tirol|1|6|3.08|
2425;tirolesa|1|6|3.08|
2426;tiver|1|6|3.08|
2427;tiveram|1|2|2.67|1|4|2.67|
2428;tivesse|1|9|2.67|1|12|2.67|
2429;tj|1|7|3.08|
2430;toca|1|2|3.08|
2431;tocou|1|1|3.08|
2432;toda|1|9|3.08|
2433;todas|1|2|2.39|1|12|2.39|1|14|2.39|
2434;todo|1|4|2.67|1|12|2.67|
2435;todos|1|2|2.16|1|3|2.16|1|4|2.16|3|9|6.49|
2436;tomada|1|2|3.08|
2437;tomar|1|2|2.39|1|8|2.39|1|12|2.39|
2438;tony|1|9|3.08|
2439;torna|1|2|3.08|
2440;tornado|1|3|3.08|
2441;tornar|1|2|3.08|
2442;tornaram|1|2|3.08|
2443;tornarem|1|4|3.08|
2444;torne|1|4|3.08|
2445;tornou|1|3|3.08|
2446;toronto|6|1|18.48|
2447;torquato|2|14|6.16|
2448;tose|1|6|3.08|
2449;tostao|1|5|3.08|
2450;trabalhar|1|9|3.08|
2451;trabalho|1|3|1.98|3|4|5.94|1|5|1.98|1|9|1.98|1|14|1.98|
2452;traduzir|1|4|3.08|
2453;trafico|3|11|9.24|
2454;tragico|1|3|3.08|
2455;train|1|2|3.08|
2456;tramitacao|1|7|3.08|
2457;tramitando|1|12|3.08|
2458;transferencia|1|8|3.08|
2459;transporte|1|14|3.08|
2460;traseiro|1|9|2.67|1|12|2.67|
2461;tratados|1|4|3.08|
2462;tratamento|2|2|6.16|
2463;tratamentos|1|2|2.67|1|5|2.67|
2464;tratar|2|4|6.16|
2465;traz|1|4|3.08|
2466;trazer|1|2|3.08|
2467;trecho|3|5|9.24|
2468;tres|1|2|2.67|1|8|2.67|
2469;tribuna|1|9|3.08|
2470;tribunal|1|2|2.39|1|6|2.39|1|7|2.39|
2471;tripulacao|1|1|2.67|1|8|2.67|
2472;tripulantes|1|1|2.67|1|8|2.67|
2473;triste|1|0|3.08|
2474;tristeza|1|4|3.08|
2475;troca|2|8|6.16|
2476;trocar|2|8|6.16|
2477;trouxe|1|9|3.08|
2478;trouxessem|1|9|3.08|
2479;tubos|1|2|3.08|
2480;tucanato|1|9|3.08|
2481;tucano|2|6|6.16|
2482;tudo|2|1|5.35|1|4|2.67|
2483;tumor|2|4|6.16|
2484;tumores|1|4|3.08|
2485;tungar|1|5|3.08|
2486;tur|1|8|3.08|
2487;turbinas|1|1|3.08|
2488;turismo|1|8|2.67|1|14|2.67|
2489;turistico|1|6|3.08|
2490;turma|1|8|3.08|
2491;tv|1|1|2.67|2|6|5.35|
2492;ue|1|3|3.08|
2493;ultima|1|2|2.67|1|6|2.67|
2494;ultimo|1|12|3.08|
2495;ultimos|1|6|2.67|1|9|2.67|
2496;um|7|1|7.93|12|2|13.60|2|3|2.27|14|4|15.87|8|5|9.07|5|6|5.67|2|7|2.27|7|8|7.93|11|9|12.47|1|11|1.13|7|12|7.93|1|13|1.13|3|14|3.40|
2497;uma|3|1|3.62|17|2|20.53|1|3|1.21|8|4|9.66|5|5|6.04|2|6|2.42|4|7|4.83|2|8|2.42|10|9|12.08|9|12|10.87|1|13|1.21|8|14|9.66|
2498;uniao|1|3|3.08|
2499;unidade|1|2|3.08|
2500;unido|3|3|9.24|
2501;unidos|1|4|3.08|
2502;unilula|1|9|3.08|
2503;universidade|1|2|2.67|2|4|5.35|
2504;universitaria|1|2|3.08|
2505;urgencia|2|7|6.16|
2506;us|1|8|2.67|4|9|10.70|
2507;usa|1|4|2.67|1|5|2.67|
2508;usar|1|5|2.67|1|8|2.67|
2509;usaram|1|5|3.08|
2510;usava|1|14|3.08|
2511;uso|3|2|7.16|1|4|2.39|2|5|4.77|
2512;utero|1|2|3.08|
2513;vagina|1|2|3.08|
2514;vai|1|5|1.98|1|6|1.98|1|7|1.98|1|8|1.98|3|12|5.94|
2515;vale|1|9|3.08|
2516;valvula|1|9|3.08|
2517;vamos|1|6|3.08|
2518;vao|1|2|2.39|2|7|4.77|1|12|2.39|
2519;vara|2|12|6.16|
2520;varas|3|7|9.24|
2521;variante|1|5|3.08|
2522;varios|1|1|3.08|
2523;vasconcelos|1|8|3.08|
2524;vasectomia|1|2|3.08|
2525;vaso|1|4|3.08|
2526;vasodilatadoras|1|8|3.08|
2527;vasta|1|9|3.08|
2528;ve|1|8|3.08|
2529;veiculo|1|12|3.08|
2530;veiculos|1|12|3.08|
2531;veio|1|9|3.08|
2532;veja|1|9|3.08|
2533;velha|1|5|2.16|2|11|4.33|5|12|10.82|2|14|4.33|
2534;velho|2|8|6.16|
2535;vellozo|2|6|6.16|
2536;venceu|1|5|3.08|
2537;vendedor|1|2|3.08|
2538;venezuelano|1|9|3.08|
2539;ventilada|1|6|3.08|
2540;ver|2|4|6.16|
2541;verdade|1|4|2.67|1|5|2.67|
2542;verde|1|8|3.08|
2543;vereador|1|6|3.08|
2544;vermelha|7|11|21.56|
2545;versao|1|12|3.08|
2546;vespera|1|2|3.08|
2547;vestia|1|12|3.08|
2548;vez|1|2|2.16|2|4|4.33|1|5|2.16|1|12|2.16|
2549;vezes|1|9|3.08|
2550;via|1|6|3.08|
2551;viajantes|1|3|3.08|
2552;viajar|1|3|3.08|
2553;viajava|1|9|3.08|
2554;vice|1|6|2.67|2|8|5.35|
2555;vicosa|1|2|3.08|
2556;victoria|4|9|12.32|
2557;vida|1|5|2.39|1|8|2.39|1|13|2.39|
2558;video|1|5|3.08|
2559;vigarista|2|14|6.16|
2560;vigiaram|1|6|3.08|
2561;vigilancia|1|6|3.08|
2562;vila|2|11|4.77|5|12|11.93|2|14|4.77|
2563;vingar|1|11|3.08|
2564;vinha|1|2|3.08|
2565;violou|1|8|3.08|
2566;vira|2|2|5.35|1|10|2.67|
2567;virando|1|6|3.08|
2568;virus|5|4|15.40|
2569;visao|1|2|3.08|
2570;visitantes|1|8|3.08|
2571;visitas|1|8|2.67|1|9|2.67|
2572;vista|1|6|2.67|1|12|2.67|
2573;visto|1|3|3.08|
2574;vitima|1|3|2.39|1|13|2.39|1|14|2.39|
2575;vitimas|2|14|6.16|
2576;vitoria|1|11|3.08|
2577;viu|1|1|3.08|
2578;viuva|1|5|3.08|
2579;vive|1|3|2.67|1|9|2.67|
2580;vivem|1|2|3.08|
2581;vivendo|1|3|3.08|
2582;viver|1|5|2.67|1|9|2.67|
2583;viverao|1|5|3.08|
2584;vivo|1|1|3.08|
2585;vizinho|1|11|3.08|
2586;vlt|1|2|3.08|
2587;voce|2|2|5.35|1|12|2.67|
2588;volta|1|3|2.67|1|9|2.67|
2589;volume|1|4|3.08|
2590;voluntarios|1|2|2.67|2|4|5.35|
2591;vontade|1|5|3.08|
2592;vota|1|7|3.08|
2593;votacao|1|7|3.08|
2594;votado|1|7|3.08|
2595;votar|1|9|3.08|
2596;voto|1|6|3.08|
2597;voz|1|1|3.08|
2598;vulneravel|1|8|3.08|
2599;wadih|1|4|3.08|
2600;walter|2|12|6.16|
2601;wood|3|5|9.24|
2602;xix|1|9|3.08|
2603;zona|1|1|2.67|1|2|2.67|
